9722
3679
1442
10968
8406
8266
9126
5193
6464
4844
1525
9520
3450
7133
8403
6118
1485
5268
6249
5674
5659
3371
8592
1862
9638
5534
2126
6820
2880
2948
1136
9441
9058
3410
7977
1809
2897
5484
4234
10947
8045
1789
4339
1382
2764
1976
2424
2300
2823
8352
7863
10782
7139
6853
10441
3552
9395
9552
1687
4983
5804
6658
6080
6904
2713
3384
5880
2259
4656
7521
7154
5823
2884
1554
1986
8231
1420
2042
7020
5094
4229
1074
8449
3167
10371
9416
8651
10897
10750
4620
1654
5289
3466
1577
3890
7976
2311
9688
10614
5190
2187
3218
8488
7910
4908
3317
9594
1804
10707
10585
8471
10013
2893
6659
2062
8854
4852
2458
1678
9488
8509
3432
5971
7938
1763
2674
7855
4823
5076
4380
10364
3170
8746
2071
9009
1375
8109
4989
1620
7996
1127
1518
3232
3112
6073
4299
9319
9722
2060
5267
2617
3765
8618
1885
6837
4523
8573
2805
7598
10160
2760
3786
7106
5696
4037
10392
1368
5395
2079
3217
8008
6863
2402
9409
7936
3759
1087
7458
6323
7348
9924
9485
6436
3177
7083
10146
1940
6331
2690
7178
8456
10008
1019
5739
3839
1959
1445
7916
8387
5225
2011
8922
2493
10926
3466
2874
8318
7403
8089
10031
2971
5770
2820
7406
1048
3251
2746
4353
1065
1578
3193
6121
2101
3705
2805
8503
10124
2543
1872
1197
7530
6665
3159
1760
7068
6864
2473
8416
7523
4499
5598
2956
4647
10422
4341
5376
10701
8363
7278
2144
1180
5409
7305
2313
3148
5594
3903
2918
5472
10497
4368
10209
8134
1595
3612
4586
7517
5517
1254
10429
8870
1583
4965
8671
8830
3664
2829
5929
5354
2362
10719
5432
4116
2663
4236
9092
10854
1635
8463
4719
1492
3028
2731
8977
2479
2440
9826
7298
10647
2958
6393
2887
7552
5736
7608
2817
5720
3086
10310
1186
4072
3479
3172
6561
8890
2340
2409
9376
9114
8333
7934
4988
2511
4272
2747
4948
4716
9399
5554
8526
8754
1114
8153
3191
6169
7349
7774
2538
3774
4906
2487
2850
6095
2186
2039
4915
6613
3136
9464
1206
9233
7199
4901
2467
3882
10830
8342
7924
6406
8752
2914
2871
10695
2681
8784
2789
1960
2894
8079
6481
3544
2268
9815
6051
5302
5035
1391
8613
3886
5140
6721
7741
4386
1361
9242
2941
3053
10693
10966
7287
10980
7324
6860
6437
6350
8979
1445
6552
2341
1083
1203
2032
2766
3546
9200
5499
2981
1891
9828
8977
1100
3671
7484
10031
10694
8956
3671
2626
1887
8781
2978
5847
2047
10786
2406
6832
1086
8257
2352
6170
3834
5013
2658
8077
4038
8510
6761
1027
9525
5929
1550
4365
4136
5442
7041
1474
3381
1431
9266
3081
4345
2479
4258
5994
7854
4282
2938
7632
2368
5690
7561
6753
5900
10019
3556
2241
7147
1087
7834
10355
8270
8102
10822
1874
5434
6860
1592
5055
10614
9082
4405
7996
5410
10562
2830
2473
1290
7341
9135
9452
2075
1687
8953
7462
7110
7518
10610
8116
3971
3206
4202
3555
7191
5441
10274
7336
8457
1261
2089
7182
6897
4446
1367
10865
5555
4270
7005
3451
8187
4498
7276
10573
9720
2511
3782
3649
8974
2236
5058
3565
1878
9882
6867
3051
1673
5522
2603
2550
2158
6141
3164
6615
9680
8906
1424
6689
6275
9003
10473
8378
10712
6369
2011
1851
1999
9658
6825
7482
2108
9447
9277
5190
2029
1363
3276
9154
6204
9233
8874
3590
2048
4229
1433
1698
3816
4390
9752
10900
8395
4322
4442
2892
8441
1347
8051
4574
7703
8784
6538
9016
10073
4967
1244
8325
1072
10361
2862
7297
10982
5239
7445
8030
1896
6876
7193
8662
6036
6138
4359
8738
2690
5018
6566
4986
3896
3902
10172
1534
8344
2474
10594
10660
2765
3458
3461
7043
2214
5445
1503
2496
2546
1051
2277
3879
6493
5130
8258
1628
7706
7167
10549
8642
6497
4508
10950
5004
1466
1821
1518
2562
1995
3007
3111
9943
8559
1826
6802
9688
6920
7646
4296
3191
10374
4725
5699
8953
4424
2504
10590
4300
10370
9340
1994
7789
8176
1438
3682
8410
7418
7893
2529
5155
4984
6823
10195
5046
2168
8591
7737
7804
10446
7693
2785
7406
8587
9326
1798
7035
9761
8365
4899
8270
10213
9530
5198
10396
7110
3082
4530
3019
10958
6528
7549
6618
1894
7291
7164
8204
8479
7279
5572
7206
3534
7704
10499
2748
3176
2301
1333
10647
10367
10081
1115
10250
8059
3456
2265
3877
3708
1944
5247
7305
10398
7141
5451
7452
3870
7474
3020
7840
4253
10268
6906
2448
3491
2265
7412
3018
7542
10570
2362
1043
7898
9181
10077
6535
2139
4614
9827
7152
3865
1918
4031
2090
6995
2460
10705
9668
3080
4596
8746
6425
6425
4941
9474
6816
5875
2888
9950
3296
8028
2669
3004
10984
9500
1352
7376
6846
5326
9812
8420
7879
2806
6598
1068
7783
1109
4062
10616
9545
1643
1114
4541
7088
6572
4763
1078
2335
7271
2475
6519
7622
7315
7679
9747
4734
8874
1978
7822
4952
7899
9171
5877
7984
4010
6504
10220
8216
6043
5762
10856
6562
9311
2570
4287
8077
3678
9277
9581
5300
5286
6396
1977
4084
8258
2455
1911
2525
5215
3372
2670
8042
2011
3354
8396
9828
9214
1850
7337
4036
4206
2992
1626
1704
5789
5279
3847
9992
8598
3035
3983
7977
8553
6947
3162
1425
1122
7166
1648
6092
1504
4772
6856
5663
2757
6337
9475
5579
1178
1478
1946
6549
10949
3425
4260
7459
1805
4174
8301
8553
2365
3902
3348
1364
6727
10582
5060
7975
10811
10827
1174
8677
4520
2349
5604
9710
7106
5409
10976
3373
3685
4996
1094
6641
10729
3580
2928
5051
1878
6657
1945
4599
10650
5820
4036
7967
3257
6223
2942
9948
4100
7462
3841
6718
3757
9196
9514
7198
3897
5633
2061
7314
9847
7866
2743
3089
5409
3289
9093
4439
4321
4287
9987
4091
10998
3279
6311
9024
4310
4181
8528
5913
10710
4407
10297
6464
10808
8107
6706
3032
7684
10921
5793
3009
9962
5250
1300
9789
7030
7393
2586
9857
2933
5553
5155
8109
3896
1311
7734
10048
8151
4465
1682
5093
9464
2311
4022
4595
7216
6033
8980
4468
2120
10194
9763
3107
3651
2003
5925
2988
2272
2347
8841
5967
5307
8637
3858
7317
1705
1027
8695
9750
2996
6778
5324
6298
2131
7901
9632
2062
1085
9622
7353
3882
5503
8451
7165
7921
1565
9910
4994
4056
9686
2383
10585
4474
10059
3117
4486
5803
1424
1315
5187
8348
9156
2216
3286
3454
2350
10146
3504
8555
4313
9683
4823
6001
6305
4004
6790
4800
9838
4913
7795
2247
5232
9510
8914
5818
4060
6569
9112
7238
10231
4375
6035
7560
4127
4339
3080
2843
1170
9628
3148
5264
1513
3951
8071
6211
10405
5709
7494
2603
3934
2655
5600
6402
5048
4582
7756
1942
7974
2423
1793
7648
7171
5720
5661
7843
3039
10868
9738
1399
1510
4709
1678
6582
6632
2627
2994
6710
10020
5735
3733
3385
2038
8469
4434
3249
7139
6234
8335
5224
10723
9346
10263
3711
1470
1405
8555
8389
5434
9218
1972
5642
6468
7061
9500
6709
9100
10069
7470
10355
5846
4025
2795
10705
1662
6317
8463
4636
6924
9175
5779
10614
7784
4623
9780
1692
4224
3566
2035
9894
2952
10966
10478
2750
3777
1666
2624
10277
2141
2031
5829
2354
4914
6604
7568
2396
10269
8158
3840
7530
1689
5895
9744
10729
10128
3543
3742
5742
3936
2116
1791
1789
2722
7382
6865
6713
1351
4054
9889
8957
7236
5033
8845
3034
7200
5575
1004
2258
4652
7344
1469
8485
4434
7729
8254
7993
9744
2787
3071
2367
6519
3046
10806
5011
8431
3900
10259
9413
3438
10296
8502
4854
6889
8681
6512
5077
1786
5282
1656
2827
9858
1388
3167
4707
4496
8253
2166
10798
2419
3195
9598
5957
9757
7356
10431
6465
9256
8416
3470
3384
7229
2545
10201
2648
10163
5049
10805
4585
10693
1685
8138
8142
4728
10265
9964
5757
8619
2660
2398
10735
2191
8069
9906
10490
1609
7662
4852
1789
5397
10216
5752
2443
4557
3496
7857
4683
1611
8672
7380
8943
2284
5753
10203
10981
3589
10879
4878
6315
6490
1149
5471
1974
6892
4875
1493
10595
4675
1589
8316
6431
10845
1054
8347
2133
4662
3621
4406
7575
6808
5479
3876
1727
3396
7301
9364
8390
7330
4295
4604
3412
4134
5536
6274
3577
2611
10772
6606
10491
8964
5608
3439
10737
10617
4074
1710
6512
1423
7777
8384
2212
2355
5557
4383
6097
9976
3921
3803
7850
5095
1272
3357
1970
10518
7110
1453
9953
1996
7081
6709
2281
6356
1200
10133
7625
7984
4882
2744
5826
10592
7522
5623
9913
1412
6994
9436
7564
9838
6518
3466
3881
4283
9498
10731
2027
6483
8774
4330
3173
7646
4817
6946
10420
6138
5924
6678
3217
7243
3248
7571
9908
10866
8802
5859
1807
7090
3734
4323
2298
3742
6539
9432
2506
6086
3590
3837
3208
10276
3976
2751
6815
1490
1924
1677
7254
7775
7884
4186
2367
6482
8635
8758
3710
2813
2569
3356
6686
7365
2186
8013
6049
4321
8744
2844
7415
5490
9554
6235
3025
10322
6709
2934
1493
6479
10506
7246
7477
9834
1264
3834
1435
4811
1900
8089
7304
1640
3086
7978
5918
7398
5685
5920
2458
1615
3974
10448
7638
5732
1401
10701
6877
1381
1508
8390
8257
3822
5132
3678
10905
1060
5257
5164
1055
9601
9130
6564
5882
5500
3465
5190
4070
1677
4496
8213
10285
5839
10843
9051
9872
5543
4528
6459
2518
1156
8989
3767
2425
8519
1761
5747
2476
10373
10670
7785
2289
6474
10573
4399
6987
8881
6290
3286
1680
5713
8577
8740
7873
3546
8514
1061
7853
5745
1265
1949
7282
4759
10313
8241
10821
8289
8817
9142
9477
10260
10551
4138
6011
3151
7869
1026
6052
9213
1298
10628
6322
3275
9282
10566
1456
6999
2224
4486
1284
9882
10867
2059
1930
9176
7182
4892
6239
2949
8885
4304
7083
1689
6797
5029
3523
1767
7891
2325
3629
8571
7696
3942
1541
6386
7659
8737
7920
7567
7759
4630
8607
2523
2286
6429
6806
6028
7383
4096
2973
7802
1476
5351
2823
1966
4615
8564
3170
2091
1670
7856
2622
10897
3540
2790
2385
3631
7218
9215
8202
4026
6982
7933
9764
2028
8635
5611
4606
7118
9241
9061
6825
9176
5799
8389
2113
4104
4221
8445
3727
6610
9935
7468
8287
10312
7431
4026
9870
1850
10097
2710
3894
2559
3998
8131
8972
10548
9953
4910
8681
8884
8862
8595
6793
1657
5220
8736
2721
7458
1912
3978
6548
3301
2036
9151
3767
5575
1280
5644
9283
8906
3664
9152
1707
6758
7293
1792
10879
5723
8745
3308
4737
9638
8429
1570
6150
9155
2805
2626
4766
4321
2831
7298
3415
5004
2559
2882
2863
2855
7543
5699
1881
3688
1141
2147
10707
2088
10365
9388
4405
6219
1673
9007
10828
3405
6206
7994
2439
5534
5777
3810
9026
8864
8826
10605
7617
1742
5784
7854
10655
10191
1988
2310
10425
8875
9290
7289
2308
4189
7254
10384
2742
4490
6795
2189
2899
7777
5466
2404
3638
6755
3825
2487
3091
2661
1666
1698
1178
2867
1845
2473
5647
5800
8160
7503
6408
9867
7958
3849
1351
10572
10847
5378
9513
1248
10167
3952
9246
3289
5560
4934
1993
8729
5260
2539
7978
1928
9821
3979
3162
5989
8880
8829
1463
5305
1219
2293
5601
1394
9458
5851
2260
6158
1808
10571
2615
3766
3699
5678
6052
10654
6385
6858
1257
6698
6394
7061
1519
3058
3382
10911
7529
9737
9185
3761
4078
3435
1331
4368
4203
6438
3029
3767
6275
3274
1345
9460
4216
4803
10073
6897
9087
6919
3915
1206
1150
4155
2164
6669
4969
1547
5746
1558
3582
1002
6446
5020
4590
2326
1978
5944
8221
9007
4839
4517
3595
8889
9515
3907
9684
8145
2288
6352
2005
9309
9136
4916
5664
2854
7200
7355
3634
5834
2555
7816
3826
5997
9585
7880
6445
9825
7183
4837
4096
4134
3521
1469
1237
7379
8612
8610
5891
1365
6881
10307
3583
2455
1879
9450
1991
1107
5833
2631
3472
3464
1064
4414
6733
3661
1681
8524
3748
7349
9818
7231
5308
5107
3561
5511
1338
4991
5319
8328
8444
7529
9011
10401
7717
5630
9753
7410
1594
2714
3780
2457
8332
7693
9073
8910
5047
6720
2743
7888
7418
6489
4996
6607
4073
9005
4681
5675
1152
10918
5785
3421
7224
1797
7998
5796
10654
5514
6445
5923
7442
5265
1995
3242
1646
5343
2159
4465
10248
6158
6938
7820
9033
9014
2212
2043
5807
3933
3529
5745
10287
10687
10548
7080
2543
6513
8395
4867
3764
10658
6187
6021
5703
4611
2821
7840
1965
6185
4745
7071
2551
9521
3666
2152
2519
5795
10435
8220
2965
9018
10912
3186
1777
5539
2383
8099
7289
3347
6144
6903
6301
9790
3756
6031
6817
3158
8298
6628
2963
10161
3496
5553
6446
9838
10951
9468
9694
7881
10247
7115
3972
1645
10102
10212
9932
8585
10147
5333
2014
4998
9655
3174
7106
6280
7239
7115
2728
1571
4627
8127
3430
10784
9458
1565
9619
6703
6514
6496
1956
3727
10010
1838
1524
2989
2995
2720
8026
4810
8775
6006
4309
2416
8728
9705
2907
8133
5268
6032
8579
3233
7703
5607
7279
10045
8689
9597
1263
2428
10538
1948
8593
10894
1396
2799
8749
5251
6720
3055
10609
2141
5443
4638
7736
7577
2858
10664
5552
10768
5323
2375
3787
9160
10350
8790
6310
9040
7789
2503
2073
8653
1832
6521
1247
9886
9387
8772
5815
1654
9796
1080
8425
3147
1711
1349
10125
3483
8469
4971
9240
4239
9893
1334
9272
4786
2321
6610
9139
6275
9436
7669
1483
5273
1666
7357
9444
5846
6745
8599
1625
10912
3207
2034
9036
6732
1380
4628
9741
4155
8913
7995
6061
6010
2009
5398
1922
4869
10295
1685
2269
7660
9624
6382
7659
7672
1010
8050
5066
5791
2309
3951
6589
8294
2098
4215
7888
3047
7097
10257
7423
10180
10007
1550
7685
10954
9087
5423
7361
7961
7880
4149
2862
10979
2120
7226
3042
3331
2224
1406
7879
9680
8232
2100
4313
10098
1307
1294
5551
8581
9287
9621
1677
2091
3422
4974
9209
3047
5248
7865
5485
5335
8381
2284
7660
4193
4005
1616
10504
6914
4594
9451
4468
3810
7209
5918
2678
3644
4301
4462
4943
4461
1684
6936
8045
6987
8830
2977
9777
1976
6227
9245
2157
4823
9261
4657
2992
2670
8438
6570
2725
5180
2642
3423
4840
7421
2480
5572
1067
1739
2541
8593
4105
4760
4106
9251
10809
8522
10064
7793
9188
6534
8305
6145
1978
2512
4912
5212
1378
8113
9123
1935
8353
3146
6743
1012
1357
7160
10598
9600
4834
6520
1653
7774
1732
5421
1377
9212
10215
3072
2347
5333
2364
10152
1072
3519
6588
1050
2190
5413
9385
10706
4772
10391
2003
4083
5274
9121
8729
8779
1425
6601
8065
2843
1420
5309
10570
7029
4399
2301
8015
8038
6135
3492
9343
9207
1898
1917
8059
3039
6576
3172
4239
6971
8482
7450
2564
2288
5234
3869
6789
10975
5372
3544
9121
2123
8555
3718
6785
7576
7390
9597
10235
7380
3276
9384
9750
1946
4231
6421
2734
3172
8781
5617
5514
3601
8356
6993
4892
5848
8855
3362
3257
1548
6156
4691
2330
4032
2233
1969
8898
2461
5110
6707
6097
3313
8083
1032
1097
1258
2061
6014
5695
8868
10910
3556
3443
4703
3043
2962
8115
1108
4226
1079
2669
1241
10811
2675
3524
2035
3022
8247
7781
1724
8397
3145
9099
9078
6259
6748
8783
4671
2694
4208
6292
4101
4761
9781
9538
6251
4502
6598
7329
8204
10202
6324
8521
9903
6912
2960
10039
5084
3954
7182
9426
2815
10333
8486
8703
8938
5973
10220
10562
5424
3977
5650
4310
3871
9064
6301
4271
4397
3541
3045
9133
2759
4263
6545
2820
10325
2579
8307
2410
1458
9454
8159
7713
2283
8381
2370
3110
2646
9552
2656
3768
10325
9839
2286
6573
8667
2243
1570
7697
7166
5976
4744
8865
2494
10817
5638
3767
4404
9245
5378
8214
2158
6409
4242
8873
2395
2246
10037
10327
2050
6252
1712
6394
6360
9215
1659
5872
5537
6881
6029
9457
9990
3704
2501
10595
9544
3969
2251
6378
4212
4421
2599
10995
1976
5867
4944
4259
7285
3247
2327
3260
1717
5025
1493
1552
3454
9889
4145
9273
9784
9722
3799
9848
5708
3628
1654
2668
3678
7518
4249
9093
9228
3395
5064
3033
6727
5805
1759
7575
5729
4944
2912
4619
10007
8984
8085
4706
5106
10189
8488
7038
4969
2742
10982
1515
1801
4268
8673
9395
1847
9424
10406
4400
8037
2000
6863
8112
6019
1126
2633
3181
1144
9745
5528
5853
3537
10936
1257
6439
3290
8988
7960
3704
1211
9310
10132
2229
3156
1921
10096
1058
3100
1808
1483
10978
2166
4915
8754
8751
7717
1966
10261
5021
9890
7835
9511
1610
5483
7850
5529
9689
3550
8469
6970
2543
9655
9721
10248
7645
6534
3425
10826
7743
1972
6485
2993
4324
7784
4596
6027
1744
7941
1550
2714
2158
4662
8245
9797
6346
1740
6388
3566
8046
9911
4129
9988
5563
4164
6735
5081
3002
1638
1703
3063
7203
1256
7736
5822
5054
2930
6812
9569
4313
9370
8333
1122
8777
1100
7783
8619
7716
4765
2912
1086
1919
2733
9238
4319
6275
10699
1736
2065
1429
4509
10216
1838
9766
10304
1231
3916
1672
3053
7874
5868
3491
2941
3235
1988
4183
9486
1034
2111
9346
10806
2406
6419
2372
9783
3150
2868
6928
5172
1341
10615
5638
4131
2974
3321
3424
3955
9572
9361
2266
6544
4638
4244
9509
7845
10264
2104
5565
1970
4197
5402
4666
8830
7852
8180
5588
9006
1297
1369
5739
5590
9093
1059
1765
6895
7296
10975
10441
3610
2286
6231
1115
5364
5576
4081
1337
7067
4197
6406
6934
3648
8481
3061
10309
4365
10860
1432
7337
2985
8581
5624
10730
9913
7161
8477
2762
1066
3815
1096
7352
1692
1366
5045
1013
7185
8633
3131
2213
7382
1201
7350
5721
1489
1172
8647
1643
3964
5501
2153
1273
8945
7060
2567
4821
5431
2944
7165
2236
9547
3706
8348
6662
3346
2963
8307
10942
4318
3368
9210
4114
1055
4373
8304
8941
4332
10104
9623
5539
2435
10008
3838
6173
5981
1030
3664
6278
4917
8002
7867
3380
5419
1457
4692
6843
10276
4621
4968
2239
8180
7118
5734
7752
6910
3736
4620
8731
6730
3652
3519
3143
5609
9540
3663
5933
8902
10865
8746
1027
7710
3591
7775
7274
3633
4868
3222
10639
10745
1885
3198
8591
5898
10529
6183
9807
6490
6242
10866
2347
9571
6273
5158
6029
3111
1721
8020
4032
1620
4719
10476
2037
5864
7896
3297
7350
9318
2284
1563
9530
2969
8922
7612
1576
3705
4795
2406
3999
7900
8539
8058
4933
6686
2966
3267
2814
2820
2799
2517
7376
2686
2359
7120
5476
3531
10492
5594
4928
2241
2592
5707
6499
1725
2364
2042
2352
5240
7188
6313
10015
3035
4204
3661
8448
3780
6507
3872
8082
6409
1487
1978
2451
3596
5794
4237
4552
4816
3420
3968
3679
4043
7992
7247
10499
2813
10235
2304
2737
1552
5522
2649
6280
9280
10972
2657
8278
1196
1289
8596
10689
3806
3424
4907
5330
2184
5879
5755
8441
10383
5646
5244
2397
9308
3997
7837
1987
5824
3024
5127
6897
5560
8159
8991
2723
5042
6275
5407
6621
2223
3942
9127
2690
5962
3947
7328
8277
1991
1246
8434
2286
1919
3068
7159
4992
1723
9430
1967
10152
3071
10914
1989
1352
5897
4003
4049
5237
5290
4474
2560
9102
2021
9949
2753
10414
4853
9783
3409
7604
2900
3839
1866
1041
9369
8510
2199
10497
2385
3659
9723
8461
6193
9945
3587
7744
4763
10804
8297
3993
10480
6856
5674
10929
4853
5331
2362
6158
6248
7356
9303
3046
3269
1683
1243
4552
9236
1722
6534
7527
5333
6597
1259
10809
2319
4158
1529
8367
7301
1324
6110
7894
2091
1637
8295
6894
3463
6658
3675
6487
4171
2786
5912
1157
2258
7809
9053
8012
10745
6618
8315
10892
3712
4235
7862
10899
2369
1752
7712
5103
3296
7171
9159
4579
2627
3962
7646
7980
6932
3809
2474
6708
3669
3586
5054
6375
10276
1330
6153
7044
9679
2341
2141
6678
5305
10341
2580
5636
8286
5087
9406
2182
2707
4959
1950
3193
3922
5902
8470
1988
4516
9976
10144
8092
8047
9731
7759
3797
8531
10204
8997
8778
10079
3892
1830
4399
8073
4764
5132
6196
10270
8988
8637
1725
9063
7386
7354
6080
4989
9225
3657
1838
2878
6128
10902
3414
9937
8125
7045
2567
6710
9097
1338
9076
2545
7038
7645
5917
1848
7894
7000
6955
9547
9670
9411
3739
7140
3227
5539
5392
6943
9860
3614
1106
10555
4848
1794
9723
4689
2601
2374
2484
3606
9825
2529
5307
10396
3403
1834
5448
2173
10670
10799
6560
1130
3045
9418
7818
8049
3499
7809
3712
3613
3429
9661
7416
3491
8192
8237
4499
4218
8382
9660
8470
2650
9210
10288
3575
3513
4308
3093
7866
5393
7337
9209
5165
3830
4722
2793
1440
10310
3601
2764
10665
8162
6951
7870
1815
2269
2601
2944
5030
3154
3156
9566
10563
2987
4622
9633
1488
10031
3535
6566
7625
3563
8225
7742
6120
6404
7236
1192
1670
9852
8405
4604
1844
6468
5439
5225
7705
10417
6754
4226
1804
8226
7075
10900
5620
10096
2277
1179
5389
1879
9031
9381
4303
6148
8669
7511
2586
2479
1747
1647
3460
7243
7167
7593
8807
10972
2535
6230
3604
7800
8179
3226
4044
8881
3380
2757
9457
4098
3397
5605
7592
6472
10129
5114
2594
4483
2853
2458
2619
2861
10184
1477
2418
3226
1384
7132
10154
2369
8806
6301
10385
4458
2181
6690
5247
8360
8846
2379
6401
3593
8056
7497
4679
10555
1399
9325
2314
1777
2738
9360
2387
10454
3097
8916
10968
4882
8631
3147
3223
2379
4516
2839
6808
7838
2911
4193
7645
10926
3338
1757
9742
5212
1333
10430
4739
3591
1568
8487
1169
9718
3595
7826
10185
10884
5201
4179
3885
7770
2564
6703
5780
6516
2394
2458
1216
7261
6761
5375
2206
1868
9183
2100
9582
9603
7157
4652
6292
8837
9060
6590
3678
10793
4009
3062
4118
9100
9205
3931
2138
3787
1848
8929
10939
5777
1023
5455
5379
4990
1739
8244
5866
4729
1173
5526
1146
10984
7231
2171
10434
3341
3692
5771
5016
3202
5874
10341
1026
2776
3679
9586
10743
5005
1226
1015
3938
10493
6988
6879
7879
2394
10862
10872
2600
9614
5492
1676
4778
10976
6571
1667
3156
2406
4975
8455
8248
2554
8864
3304
3717
6144
2422
7937
5372
8135
8754
2523
5362
3710
5495
8224
5189
8248
3225
6931
2354
9347
2485
1102
1478
4150
6273
10812
5795
2361
4885
5208
10486
10793
8731
2886
9271
1692
6162
8832
1281
7298
3033
3075
6226
9500
4218
4668
6133
8737
1237
10157
1038
8847
10495
6340
3525
4176
2442
8414
7351
10557
4023
1352
2266
5574
9001
1158
10736
2931
4252
10264
1613
8485
3206
10665
1820
1264
4989
8905
10190
7453
5081
9886
4373
2987
3722
1911
4929
2134
7261
1649
1096
5371
8220
5885
6475
3658
2052
7490
2663
4397
4043
2207
7401
7864
4497
3348
10630
5122
2102
1777
10890
9859
1021
1054
5743
3198
8831
3245
8208
9281
6227
9454
1806
8970
1932
2561
1123
4749
10803
4081
8341
4419
1511
3855
9261
6245
2675
9244
5417
3753
1247
8875
7951
8828
5865
8662
5571
9169
9413
7760
2075
5977
5378
1899
10224
6243
7616
8811
6568
4886
3183
1499
2562
6813
7865
3614
2929
9074
1283
7608
3213
2558
5039
2239
10678
7407
9734
3308
3019
7147
8756
4854
7594
2757
1300
1889
5832
1406
3583
8515
1059
5821
5967
7607
6086
1954
2936
3574
9261
1975
2713
4994
1482
9032
1327
5893
10727
4981
3291
5658
3213
8869
8773
4841
2644
2030
9425
2393
5148
9698
10609
10305
5196
8411
6475
1407
3944
5707
9020
10573
7000
2445
9901
3553
4727
3392
1046
7540
7642
9413
10512
7510
8322
9863
9375
5552
1299
1915
10191
7513
7893
9080
9166
6493
4698
10920
8107
1962
9906
3263
8110
5133
7244
2620
3560
5501
3422
9646
8668
4102
6086
2136
5918
2426
3713
1144
1866
5730
4445
6869
7352
3115
5291
6839
3887
1375
10407
1787
9272
5633
3706
6999
10821
6989
3439
4811
3249
6958
6773
2825
4521
4482
3077
3062
7340
7868
6260
3057
1711
3337
10859
8755
10740
6197
7301
8520
6331
2927
8281
1325
4457
2682
9353
6922
3001
7861
6922
5970
6305
3037
8261
6217
8630
4033
10749
2902
8690
1366
1570
8665
2373
1084
1669
6846
5193
9361
5389
7922
4987
1109
9401
4485
1463
10670
6823
10225
1891
3149
4149
7691
3374
2752
4566
6903
10714
1785
6359
3617
8889
10511
9522
10361
10404
9827
5890
7822
9937
2502
6985
2638
8038
2329
7199
6396
5865
7221
10363
10660
9961
7469
3927
8972
5651
7952
9407
5755
4654
4291
5050
3502
2936
1262
3197
3256
7588
10710
4892
3002
10899
8348
6562
1283
10596
4979
10226
4058
2087
3864
4655
3002
5542
10189
10185
3453
10405
5014
2474
9132
4024
9015
1552
8262
9143
6877
9947
9023
5406
3021
7929
1114
1160
3531
1792
3498
1933
3900
4924
4646
2329
6653
6953
5820
4959
8821
1972
9415
2686
4216
9421
4419
9330
2638
5711
1008
3598
4515
5859
7589
9497
10800
3842
2760
3271
3675
9082
7179
8250
10378
7315
9976
6568
7245
4946
3169
3166
5629
3454
2545
3621
3135
10177
2791
5236
9358
8033
2261
1238
3096
5759
2675
6894
4536
9359
5945
1400
8308
1882
1245
8210
4919
4080
10970
9163
2897
10594
10130
10346
2093
1151
1476
4882
7716
6174
6449
6100
5985
5836
7180
2006
2676
3205
6257
2627
1163
3560
6088
4723
7022
4070
3945
1869
10009
4251
7025
3946
3696
1825
5574
5307
6141
2241
5640
8686
1198
4811
8617
3212
2381
4328
5566
4695
10608
3262
8566
7586
2370
6180
8779
1265
2241
9335
10710
1748
9050
6444
1112
6366
9793
5302
2166
2090
2150
3483
2948
10560
2420
4994
10774
4788
2092
9375
1859
3103
5378
2498
9163
3427
7989
3773
3178
6825
1989
1797
9069
4526
2960
2699
1909
9645
9710
7499
5289
3358
9246
3988
5953
2112
8592
1593
5425
8738
9573
8119
3442
2649
5539
3449
10327
2125
8141
3545
9694
3284
4354
9848
2037
1043
6341
1871
9968
7554
2030
9782
6888
9775
7471
6293
3542
7190
4217
6521
8865
4368
9567
6666
4036
8218
6939
7387
8131
1960
1088
2289
2303
4760
3025
10615
6423
7371
3008
10705
7714
9938
8169
6096
2699
7862
8847
9750
3084
4027
9399
2122
8414
3445
4964
5166
10304
9084
9331
2623
2438
8764
7080
7453
5156
2528
4520
2731
7291
8207
3225
3833
10514
7191
5142
3585
1177
9370
1848
8830
1051
5862
7074
10548
6882
1898
8939
7196
10783
9526
9761
7902
1369
1905
1116
6068
2582
10097
10960
10796
3496
10711
6472
8239
8378
10248
5567
5360
7339
2979
2464
8663
1322
9248
5778
4382
6403
5350
10044
10379
4184
9904
8111
6240
1300
9376
6339
3056
8012
1525
4530
3682
9383
6201
1445
3258
10415
6126
9355
7111
7224
5994
9297
1191
9649
4048
4111
10482
4601
6353
1583
8533
1092
1123
9859
4925
2398
6097
10647
2919
5055
2483
3013
6229
8623
8463
1592
3348
1451
9616
4787
9420
2361
3718
1234
1783
4729
7902
6273
4438
10125
1620
8844
2288
9499
4630
6087
1676
8623
9450
1151
6354
1958
10883
4256
4781
7609
2672
2969
8083
5414
1590
2973
2680
6374
2847
6379
2623
7130
10066
2064
6115
2647
7557
8027
10165
4804
5185
5169
8487
2193
10981
5875
2569
4378
3485
7245
1649
2060
10932
7456
7696
6408
3464
5090
3251
10070
9774
10980
3783
4827
9269
8580
5809
5630
4734
10084
3036
7047
3628
3851
6084
3577
3625
10363
2499
9843
7594
5491
8954
7649
7812
5077
9235
10408
4431
10682
3460
3585
2281
8805
3223
3205
8622
1285
10855
10795
8951
2415
9661
3677
3040
1708
9468
7042
1087
3839
5594
6056
1058
10874
3712
2143
2039
5072
4868
10798
8066
9358
5445
10848
3387
10070
5718
3983
6246
8476
4559
10885
1863
6101
1152
1246
3653
8380
6839
7874
10158
7511
7492
5361
5035
8105
5515
6032
9270
1434
7418
1139
4649
3556
1772
5739
10265
8671
6701
10130
6339
1279
1727
9669
3126
6972
6508
2018
2401
1875
10669
2385
5630
3499
3418
7511
1231
4730
7155
9129
2087
6297
9294
1327
8845
1317
9282
1465
4253
6024
9492
10950
8111
3656
8672
4706
1020
7310
1546
7359
10606
3033
9397
7912
10919
8675
3716
1362
10197
1124
2927
1204
10004
9319
8025
9737
10325
6282
3551
2259
9150
4457
1459
10386
2386
2397
7674
1813
6290
8609
8274
1584
1827
9990
2969
2815
1906
9127
9386
1482
1958
6031
5865
1353
2229
3834
9024
8314
4841
9386
3355
10608
10148
5515
3394
2558
7762
2664
9748
5061
3839
8815
5516
2571
8472
9250
10063
10941
1398
7392
2707
1542
3688
2724
7735
9695
4896
2396
10062
4713
1458
7164
2813
10025
2136
2724
8440
6228
3385
4144
2952
5084
8267
5086
4448
9449
6262
2917
3632
5467
9131
9684
7689
5390
2037
2841
4577
9071
5535
2307
1258
5695
1479
4522
8175
2278
2465
6061
4862
10329
4478
7660
5772
10767
8335
3800
2437
7681
5924
3159
7059
7824
6234
9741
6850
1515
2501
3623
8401
4417
9674
6249
3387
8195
3360
6427
5495
1230
4343
1951
3276
10136
4042
4102
3737
9256
5265
10548
5364
7371
4267
7745
6306
4933
1834
4977
8903
7509
1119
2374
2718
3388
5927
4421
4042
3790
7798
5143
9566
5161
1747
1568
2186
3863
1156
2725
5575
7023
8908
4601
10838
1569
4177
1737
2227
5809
3683
9258
2144
9443
10011
1999
4239
7432
3680
9007
4239
1464
1567
9606
3916
7217
1740
4234
2448
4366
2676
4545
7054
10491
7109
9985
7744
2424
6320
1337
1023
6653
9230
5662
9988
2493
6305
5464
9485
1790
3708
7567
4578
2072
6454
7743
10808
3259
9386
9556
7269
1910
4306
7250
9909
5413
3574
4403
5629
5035
1904
2807
1022
8529
5618
2023
10973
3709
5978
1339
10944
4422
10948
10717
10779
3878
8624
1389
1243
5714
1142
5285
3283
8631
9527
3056
1846
3029
10006
7543
1924
6368
8215
5245
8664
9684
1383
7084
1521
3081
10013
6558
4304
2615
10031
7217
10913
2556
9255
2437
10494
5260
5927
3927
3936
6840
2362
5315
4839
1138
3966
5541
8108
5263
3087
3345
5285
3230
7526
1573
4873
5241
8242
2587
5060
1914
5285
7811
3709
3952
7298
5616
7031
10833
4053
4433
7797
10721
2916
1907
9601
3028
3780
10981
1854
3505
7664
4637
9260
9465
1974
9897
4925
9462
1041
9257
1910
6118
5198
2459
7479
10250
6089
8486
6367
5162
8296
4971
1322
4636
9068
9080
8348
5780
10867
1200
7650
7518
3632
6712
7703
10778
4047
3986
3460
6888
6563
6463
5052
2820
7955
7569
8423
3811
8437
4207
7213
1999
10057
10157
6086
4814
7546
5915
2031
4730
4640
4444
10640
8365
5993
5530
6460
5052
8297
6679
6312
4374
1808
5239
6191
3404
5899
8765
5093
7170
8765
8772
2555
8887
8735
3823
3250
7666
10086
7090
4804
1773
5909
3714
5551
8983
10290
7114
2883
1189
3437
2801
5503
5112
1550
1144
2999
1973
1070
3656
1160
1968
6506
1003
8575
6090
5123
9017
1863
1470
4505
7351
10625
7062
5177
5691
5001
5251
5380
3090
10294
1885
2338
10854
9874
5239
6647
8106
4651
9191
2437
3528
8186
2789
9938
2558
1266
3202
6940
10771
1627
4682
1930
7040
9423
6237
7108
6269
6724
4922
3430
7913
3516
5325
4801
4095
6153
2763
2962
2885
9061
6747
10359
8886
7313
3320
5119
7923
9820
8068
1602
2261
3526
4863
4033
6567
4326
1497
8831
6097
8041
5924
7152
8871
8876
9021
5856
2228
3420
10332
7976
5073
8411
7353
3196
9451
7574
7426
1417
7188
9397
4027
7917
6952
4738
5285
3031
4706
1038
8834
8865
3968
4160
2520
2570
6085
1439
3204
1929
1405
1410
10768
1407
4326
8086
1976
7933
1390
3120
3610
8742
3271
4964
6509
2694
9218
2022
5555
4451
10299
2926
6961
5426
3425
10945
7454
9021
2505
5005
1898
10836
4227
3909
8770
4594
1437
7742
5377
4017
8390
7689
5017
3088
4694
1923
10898
8596
2653
7257
8226
7133
7785
7631
1150
6427
7227
8307
2575
3616
9452
2110
2921
1159
10812
3659
1976
6646
7260
3003
3340
2288
6749
8439
4966
10990
7272
2712
1907
3519
5599
10212
7721
10461
1667
7065
7696
3939
1816
6815
1603
6780
5542
9561
2343
4572
2194
4685
4363
4453
9948
3764
4368
6051
5818
9348
5882
9529
7957
2972
6968
3984
4546
3007
5873
7132
4819
3572
1152
6962
8383
2157
1201
7783
7760
7368
4492
10747
5851
1667
2850
6518
8790
3123
1829
2769
5861
2278
5901
6328
8229
2614
10072
7278
10732
7345
1922
3154
7408
6536
7093
1424
1800
5141
5442
10907
10384
2577
3025
3514
4017
7172
8997
3585
5904
1214
1812
9602
9125
4213
6726
10627
10704
7520
9004
1009
4615
8356
6979
5077
7970
1309
4888
5718
3387
3391
7502
3744
8832
2669
1549
8099
2603
10586
6238
10783
3476
6910
1429
7870
8772
7259
8542
1138
10830
7840
1499
6322
3098
3518
9564
2767
7873
4746
4928
6859
1984
3490
7964
9964
8582
4932
3002
2190
2272
1947
8179
9943
6520
9514
8815
8590
8249
5870
7868
5422
1351
6928
10158
10216
2300
9896
8374
3863
1317
2440
3094
7096
4575
10536
7588
8249
2412
9853
8573
5937
4602
6416
3068
10049
1190
10908
5899
6937
9149
2392
1401
4350
3379
7942
7532
9387
4791
5210
3977
4853
2567
1487
4594
10068
2896
5815
9007
8894
9769
9426
10480
2582
3152
8737
9330
2326
5397
3402
2864
3320
7814
8751
3244
2107
10858
1706
2734
10227
2354
6764
1580
10002
4253
7719
4587
9111
2363
2968
5029
4436
1860
4377
1963
8900
10698
1541
1724
4076
8188
3582
10919
1234
7037
7532
9374
5115
3332
6086
3132
3289
8757
2518
9336
9653
1840
2936
3098
4489
3144
10755
7565
6258
5495
4171
4517
1988
6464
2582
7956
3150
4213
3998
2296
4943
6058
10902
3174
4185
7642
10449
9885
1588
1448
2783
8964
9159
10856
3209
4566
3395
1856
4751
1472
6288
5849
5312
6199
2476
8890
4730
10367
3473
2647
1474
3018
10103
6102
8919
5438
5130
8994
7362
9642
9533
9859
7456
3433
2718
2430
6115
1064
2716
8793
6726
3477
9767
10930
1968
10553
6855
2864
3210
8711
3983
3802
8804
10133
9299
2071
6757
1595
9848
5430
10898
5610
8459
7102
7089
6511
7844
3288
9662
4615
10732
6236
5262
7717
2478
3274
8114
2146
1306
10795
1134
4612
5231
10822
3051
3410
2042
3622
1945
7255
10778
7820
9401
2022
4934
8274
7354
10445
7057
10224
1666
1036
10956
5682
9600
2967
10749
2089
3695
4874
4479
7697
1198
9870
2778
4147
4478
1945
4772
4092
9899
4362
8136
9870
7183
1365
1382
10453
3507
6587
1723
2860
5911
9935
2755
5073
5796
5412
6988
8343
7391
2587
3645
1643
3985
8155
2726
5353
7622
5857
6394
6031
5619
7803
3754
10882
7291
4384
8228
1632
1459
3699
8220
6422
4916
3639
6265
4339
3329
8644
1380
1372
9386
5690
1308
4385
7969
3318
2798
3312
2987
10755
4435
3977
1992
9875
1705
7458
4278
8382
1751
1788
3939
5178
4539
8965
9938
9340
10247
7087
1265
5358
2956
8881
5832
5618
1365
1356
1204
3845
2951
2497
8116
6039
1655
3377
7028
4746
4909
7333
1433
8921
8999
2879
7099
1835
6449
4145
6506
8648
10388
6140
1018
3963
5756
3100
9921
4824
7407
9970
6867
10097
1995
5746
3755
2132
2207
7199
3853
3991
9596
1075
6313
5350
2877
5011
9443
4652
7493
8450
3345
8032
2072
9076
4661
1970
9901
7398
5276
1255
2722
9629
8790
5377
9281
10428
9382
3250
9937
9322
7948
3826
7008
3780
6913
2511
5984
1342
6291
3717
7295
5663
3458
9455
10380
1614
6618
7068
6054
9672
2562
2181
9223
10644
4852
2093
1937
5048
8750
9098
5624
5612
9913
7876
7232
4448
8264
9036
10616
10410
1922
3759
1560
10706
1348
10363
9014
9762
3665
6048
8191
8952
1179
10362
6821
10846
9127
5599
5940
5404
1579
3172
9737
1148
8235
7173
8133
2143
1365
4580
8766
5502
9130
5218
3766
5795
1950
10300
9681
4904
3233
8647
3601
7104
6495
2351
4052
8981
9733
10349
5041
2898
1861
7223
1374
4690
10988
4620
10886
5993
1489
2592
1049
9122
9665
4869
5172
4280
2777
1531
5474
5944
9572
6473
7347
6054
5382
2956
1917
3008
10983
10975
6304
7297
9556
2332
7630
2518
4130
3298
2747
3494
9876
2008
3313
7453
2096
9664
8647
6810
1773
7344
3651
8234
4816
1309
3341
10564
6215
8008
8342
5639
8469
3982
10106
5664
3359
9530
6994
1825
1510
8158
8748
2206
6502
5555
2798
8665
2879
1197
4841
9633
1154
7586
6699
6342
8990
6811
3272
3761
3339
7132
5418
10498
6742
8817
10134
10665
6239
6410
7648
6249
3792
1561
7234
2521
2847
6985
1977
10141
8053
1233
4945
9061
6336
7593
5730
1285
4469
1277
6603
1605
2602
8207
2158
3193
1636
4034
5084
5027
4364
4356
9170
6951
2295
8811
7092
3200
1894
1075
9177
5713
4315
10647
3463
2543
2542
9263
7089
10525
5983
8712
7182
4584
4124
2906
10044
5780
5173
8358
5268
2614
10942
7471
6368
3235
7925
6011
3290
10297
5365
3625
10727
5661
10714
10485
10980
9285
5429
7209
5743
6279
8914
3927
1098
9857
1225
1157
1947
2299
3426
2391
8775
1818
2381
9187
5440
4694
5008
10513
1341
8238
8178
1458
1578
5018
1416
6435
3087
5169
4925
2610
4661
1676
2696
10208
7749
6346
5960
1143
10435
6006
8659
9677
1468
4935
2128
5658
2284
6294
4689
6007
7300
1509
5062
9655
1914
2494
2941
1594
1456
10601
9694
10432
2665
7362
5719
2715
2617
4107
7427
3144
5005
1069
7184
10096
3596
6021
1296
5129
9724
10525
3232
6354
10535
7432
6712
4319
10543
6018
2467
3698
1072
1591
9904
8363
1045
4899
10423
8481
8958
6026
7920
4625
4848
3641
5968
9238
2110
10268
3573
3035
7510
6321
7557
10061
10959
4461
7026
10883
8738
9966
3985
5122
10230
6977
1690
10652
3552
5061
4370
7482
6107
2288
4008
2378
10549
4624
4333
9034
1114
2932
8615
9669
2324
9068
1400
3037
7331
2814
2474
4731
4698
10699
2142
5651
2234
3969
2694
2571
9795
3378
5775
1565
6712
4213
8226
8682
2386
5836
9485
4354
4184
4869
9278
5282
10542
3365
9152
10301
10651
6610
4425
7806
6319
3791
3939
2476
2005
4302
2058
7647
4613
3521
5205
9987
8429
3185
4616
5146
3105
1075
10985
7479
6513
9768
2690
3912
9930
3028
7558
5347
10768
4497
6823
10309
10122
8500
1496
7430
6702
10848
4895
3201
9774
3914
5581
3875
4995
10653
5952
6098
4074
7823
7977
7024
8300
4147
3018
6159
10722
1088
8482
5239
10840
6259
6812
8999
7858
3296
2052
6984
5101
6543
3356
4808
8439
4965
4943
4534
8993
6431
3748
9657
1891
1078
5796
7317
8593
10128
9327
8112
7309
9795
8908
2754
9038
1744
10272
3356
5439
1405
2433
5019
3754
9923
7259
9069
8999
7994
6450
3443
2479
3169
6554
7735
1782
1218
3828
4560
1449
7125
10489
6883
3780
2308
8171
7004
2375
10864
7354
2190
5706
9730
2885
2823
9758
9588
6226
9144
8470
6305
1152
5651
9126
3577
10586
4965
4202
1674
4879
9591
2539
5692
4112
10607
1150
9307
3497
2812
5645
1899
1411
9795
1194
1623
6009
10787
6288
6970
5850
8144
1868
2418
2447
1917
3149
8737
1870
8075
1000
6790
5806
3426
7007
6443
3771
1213
7363
5152
1692
4107
2487
8729
5603
8723
8599
9652
1221
5016
4297
4637
10459
1277
7298
2533
6088
7643
6540
9792
9628
6512
6487
4589
9657
6186
7150
2828
7316
8884
4523
6188
5757
2225
8781
9762
3522
3623
1545
8368
4129
3485
3583
9685
8653
2008
3631
3138
5715
2866
7372
10717
4590
3517
6367
10617
6295
3702
1967
8358
8561
4829
4431
5205
7204
8676
2024
4542
7496
6327
3353
1541
4389
6043
6188
7579
2232
6521
1132
3329
7320
2268
9796
1090
1754
3353
8809
4097
3474
5376
7610
10449
2827
4048
5814
8676
6505
1311
4719
5446
9660
7994
4270
1082
7848
2713
5768
6613
7267
10327
4223
9722
2015
7937
10204
3318
2089
1309
6139
6238
4064
1853
9703
8277
4170
9796
7096
10593
10947
6456
8219
2144
2584
3576
1473
1960
1635
8160
6521
5148
8567
9963
7026
8150
8799
9368
3836
2641
2530
3697
7615
9158
3290
1815
5487
2154
5381
6354
8094
8629
2939
6776
1650
2678
3106
7979
6297
10053
9070
7224
7657
2681
9676
10220
6125
10891
9025
7930
6477
7131
4287
2316
2189
2498
1496
7958
7209
5224
3526
9025
1087
4134
10010
5110
4686
3454
6803
5432
9774
4922
3057
1080
10000
10466
5642
4147
3958
3907
6397
5167
9990
3228
10070
1062
10204
6810
4146
3778
3198
7927
1635
4137
5283
8750
10342
8939
3078
9874
5218
1194
2632
3647
1620
6616
9380
3665
7481
4120
3735
3444
2507
4494
1248
1900
5792
3784
10004
4630
4591
1249
2325
9071
1477
1812
1283
2259
8935
10382
5891
6776
6937
6007
6992
4221
5134
2594
7711
7501
7712
2466
1752
1128
4067
9503
3202
5251
1637
3658
3021
10479
8537
5918
2310
3064
6324
4888
4918
3663
5911
8968
9964
3530
3742
9943
7437
2154
4632
2411
7449
10029
3129
3610
5071
3334
7372
8428
2116
5450
9293
2115
1456
2555
1270
9039
10345
1610
10952
1069
3412
6713
4812
1632
2681
2335
8922
3027
2711
1103
3498
6878
4360
9371
3722
1927
6614
8421
2144
1370
4798
10263
3647
3308
8900
2740
1503
3741
5239
2014
3336
2476
3686
1608
3231
9951
3043
10991
7269
4611
1255
9477
1932
4209
7526
4782
3756
1122
4532
5663
2149
1380
1369
7523
6629
9020
10337
5968
4764
7791
6343
2714
1262
6092
9587
9462
6648
2909
5057
5666
2311
2302
2900
2131
9094
4492
6570
5582
10694
3154
8370
6315
7347
3375
9724
3431
6133
5452
5984
9785
10004
9133
3553
1143
2944
1623
1891
8906
1199
8593
3275
7056
6312
7501
5478
3136
5423
10760
8893
8387
9042
1008
10135
10849
1748
6918
6607
8713
6024
8132
2984
9254
10225
10353
10078
1406
8103
2562
5535
5020
7068
10803
1097
4225
10271
7095
2678
5782
4785
2381
3510
3717
2038
8691
3227
6185
2783
8975
6539
8003
7206
6379
2641
8654
4617
5905
2437
4902
10730
6199
10685
9332
10630
2445
9700
9069
9461
1765
3418
9804
3394
1666
4445
9388
6124
1236
3510
8459
1931
3922
10119
3227
6550
2234
10419
3179
6421
10421
4926
5862
3555
2542
3367
9818
5078
6596
10803
6316
5122
3214
5245
4154
2587
2799
1802
3280
7546
9163
1009
5791
9633
3544
2955
1915
9666
1528
7015
2772
2301
3174
7922
1352
2504
10927
10373
9206
1492
8211
2207
6294
7230
1403
3700
4232
3284
2910
3462
7178
10216
5087
5443
9981
10377
5961
2272
4426
3664
6654
1748
6593
5736
10843
5112
6803
7779
6177
1582
1137
10536
2416
2254
2163
10033
5620
2953
10190
9828
8228
3384
7392
10624
4345
7925
9278
3771
7772
10300
3952
1625
2723
1939
4714
10864
1982
10728
7710
3850
6908
7642
6769
6298
6211
9834
4380
10978
7872
6867
3092
3380
2396
6072
8603
2920
3296
4798
9448
2846
4682
2586
9285
6437
4176
10763
7495
4171
8084
6778
2403
8389
2761
2289
5407
2449
6773
2683
4535
4554
1192
1771
8754
2989
6460
9343
2788
8298
4861
6566
4404
1916
7034
10751
6513
8652
5404
1092
10672
7266
6983
6887
4809
7806
4400
10028
3876
7783
3150
10776
7054
8450
5171
9847
3904
2821
3340
1556
3057
9452
4679
5125
5579
1483
8117
4197
5628
3093
2896
1030
7502
6877
9455
6918
1688
2779
10744
1218
9910
3442
1797
5705
3655
1855
2122
1282
2790
4932
8901
7151
9820
9510
10487
7604
5315
1636
10323
5635
1150
8857
8628
10074
7687
4852
10915
1584
9864
5494
1738
1451
5999
8459
6579
1302
7196
8236
6452
7649
10572
8196
8111
8345
9083
1410
7204
5290
7942
7583
3451
1090
3199
5473
5599
9111
4612
2622
4188
3372
4530
8565
3885
10480
1077
9754
3231
5783
7827
4256
2522
10222
4395
2140
8881
10665
5224
8519
1848
6399
7002
9652
1941
2664
7495
2275
7834
7030
9181
5045
1202
3618
10940
1649
9178
2216
7762
8294
3202
9605
4070
10850
1252
4432
10617
1411
5460
10183
7146
4012
9688
6075
2489
3290
5946
1935
2590
9031
10380
1341
3211
3791
2364
8666
9951
5905
10632
5803
6189
1240
8739
6536
4508
4923
7353
8175
2048
10242
7807
9052
2121
1498
1486
9159
6378
9066
6418
7631
9868
2551
2078
4790
10500
8421
8882
8173
5251
5695
5056
9010
4637
5337
10571
9190
10557
7651
5489
3508
7942
10753
4987
2735
10252
1625
4562
1883
1557
9900
2788
10719
10778
2841
7255
8745
8530
6383
7678
10642
3361
6881
10282
9299
8908
2447
1298
2425
9233
3410
5189
3878
2309
10183
9007
8936
7245
8241
10027
2941
5665
6600
10825
1015
5134
4182
6800
7036
9532
4708
10309
6817
3631
9600
9629
6601
8481
6786
8159
5480
3152
3616
5933
10733
2835
8126
8212
2511
8867
9465
8946
5191
5560
9558
9240
3343
8354
2358
7089
3193
2185
5550
2978
9059
8247
7188
5745
2233
9284
10460
5803
9836
2226
5652
6528
6914
3658
4828
3890
5021
3718
2155
4479
3952
4545
9821
1386
8608
10380
6353
1057
6599
1619
8947
9290
4735
10527
7253
4000
1677
1997
7923
6285
10283
4735
2871
8503
2187
6433
7354
1968
2409
5998
9133
2505
3169
9604
10791
5255
1024
9526
2191
7129
10175
2177
10060
7496
4525
2785
3371
6319
1180
3748
1521
10766
7696
9023
8433
9946
3251
8192
3424
3015
8396
5508
10264
8232
4784
5242
8218
3478
8122
2471
6327
10288
7160
10187
10865
7714
7958
6772
6157
2889
7311
2577
5948
6117
6256
1802
3162
7200
6495
6255
3110
5006
4476
2110
8611
2357
6600
6873
5743
3328
5203
10422
2258
1007
1562
2889
9529
5776
6801
5999
6660
4916
4636
6813
1021
8315
5157
9848
7690
10401
5241
1622
6068
3326
3764
8501
8744
1064
8878
4666
9358
7788
10885
2957
2217
6317
8781
2275
1038
3851
4438
9580
10200
10168
1885
5694
1675
10743
2438
10002
5848
10710
6968
1741
8145
2462
1609
2978
3965
5400
1580
9701
2942
3411
9863
2483
9937
8739
1146
9553
5494
7051
6493
4994
3601
6366
4714
7677
7968
4194
3915
10238
5741
2007
8853
3276
2006
2615
2213
9435
4620
6366
1593
7811
2729
9692
1842
7008
9589
1816
7912
6843
10890
2359
2975
9785
6887
10558
8474
10435
2306
6868
1485
3062
8673
3035
4998
4875
2667
10321
7551
6297
8715
1522
4429
1274
10069
10768
5373
1836
5148
5653
5264
3785
7570
4168
3363
4329
9889
8047
9909
3622
2218
6068
7587
4880
2988
2491
3670
8866
8568
2291
8447
5893
1299
1147
3601
8820
1435
5414
9552
3407
6557
8610
1849
3699
3766
1509
5986
1834
10104
7930
8227
5040
10352
2043
5205
9398
2998
2862
8362
2330
4965
8181
3502
7846
8923
7617
1244
1159
2883
2583
4019
2689
2497
7302
4939
3586
7293
8055
2483
3876
4836
4790
9565
5543
10012
6912
10636
10382
1751
7661
1196
3257
7769
8449
9091
10147
1341
8797
4726
8221
3892
7563
1727
1786
3152
9370
4270
3500
6625
10422
7806
9328
4589
9772
4217
1365
8549
10204
6255
9970
3798
4192
1219
1624
9709
4796
10438
5318
5343
10807
5576
10844
6296
1353
6171
5635
7442
9013
9275
3339
7048
4329
9147
2660
4139
9507
2178
6257
3973
1623
9446
3129
2428
8014
5479
9392
6937
2497
3311
9782
8154
6326
6713
4622
8741
9594
4160
6466
3022
5920
10777
6053
7275
2904
8083
3945
4229
4420
10365
7650
2178
7208
3673
10427
5201
5712
6881
9431
2421
2533
6791
7259
4038
3523
6289
1594
6068
9797
8580
7648
9054
3570
9296
8276
2834
6685
1197
3320
9877
8727
2628
2194
3109
5943
5713
2496
2877
4893
8024
6599
2553
4995
7733
4301
8763
7125
6616
8552
9933
6883
10097
9846
3432
3700
2281
3086
2676
10845
1153
9287
9297
2131
4206
2984
5670
1453
2886
10032
4951
1421
1204
10503
3308
7377
9074
5828
8528
10117
4167
7664
9880
10411
7151
9322
5557
1838
6875
10013
9803
5203
8392
7648
4978
10896
1108
5100
2812
4770
3054
4867
7961
10490
8413
6126
3016
7351
4293
6824
6575
10970
7877
1386
7804
2886
2564
7942
10797
1767
1614
6104
10637
2516
9433
9801
8144
4008
2429
2838
2609
1565
10163
8897
4409
10010
10268
8742
5123
4463
10182
2337
2110
10253
3611
3086
3491
10380
8634
7633
6023
1063
7498
9319
3955
9115
1340
2748
1522
2544
2497
6942
3787
6615
8700
6850
5536
1685
2617
4534
6502
2894
4077
1319
1382
1254
5856
3652
6307
7444
9273
8690
9613
2792
2456
4065
10885
9806
4490
6319
1042
7539
2568
4604
4659
3175
3697
6286
1318
5476
5466
4438
8073
9775
9395
4482
8303
8284
7100
9348
9045
7734
6167
5939
5909
2111
5807
2272
10442
5733
7034
3180
2438
6583
8059
2232
1425
3606
3499
10366
3235
7903
2985
3070
1411
5799
7327
10906
6592
2216
3991
3958
1312
2316
1550
8107
3528
1367
2104
9547
1228
10985
8740
6058
1879
1060
1313
8219
2636
4908
6993
2312
7038
3741
1805
1494
7678
2913
2378
5272
5939
9409
4570
10483
10606
6891
6501
8450
9822
4998
10058
2410
5265
1522
8849
6049
9805
7843
1603
7403
4734
1488
1915
3717
6144
6022
5487
5526
8688
6627
2362
5090
4766
10016
2108
5601
6773
7342
7109
1360
5342
10164
2541
10438
1394
3479
10983
7081
5391
4828
3431
1073
3741
7930
1010
9006
6545
4340
8981
7430
8610
2629
2873
5170
10234
2444
1269
5209
7551
8651
2773
5757
7682
10586
9353
1349
3575
2097
3777
3146
9319
6470
7159
9734
3570
7923
10333
7129
7433
1004
2473
3150
6732
6784
1119
1454
3775
1662
6414
7188
3026
5978
1741
4465
3168
8240
5527
2080
3656
2791
9172
6604
8235
2714
8379
5872
6021
2563
9252
3712
6736
7657
2003
3383
1925
1292
9314
9952
5556
8126
8830
3097
1174
1892
4501
7604
4097
6125
4718
1551
1372
5618
2426
9879
10292
1759
4073
5657
9710
3121
3216
8906
3885
4193
7146
5271
6487
6832
2988
2271
8947
3315
9501
9247
6789
3601
10390
8126
7037
1034
3046
7899
3277
10810
2106
8227
2378
3902
3691
7240
1141
5510
9912
8462
2586
5996
7798
2408
2296
7653
8212
7314
4354
9733
8036
2864
10854
10184
2055
1815
4524
8014
8024
2938
1041
7702
4556
9737
5653
2158
8072
2452
10241
7514
8644
3734
4205
10547
1855
10368
3585
3714
7139
2355
10922
6446
2042
3155
1168
3665
7152
2824
10598
10370
9627
7702
2529
8574
4969
3631
4476
7800
3289
7879
5451
7092
9261
3369
2687
2510
1374
8409
5242
1312
2464
3033
10995
8003
3287
1311
10652
7942
4954
8135
10802
7965
4759
5205
4117
4812
3544
10894
10248
1428
4037
6552
4171
4076
9386
9919
5176
1412
5338
5001
1738
5222
7427
6748
6725
2751
2164
9438
10114
1549
6972
9261
3881
8920
4485
4913
1140
7973
3793
3647
2034
9129
7476
5183
10617
1243
2723
7696
10319
3966
9659
3370
8203
1021
1348
2036
3463
1752
7063
1623
9945
10430
3567
4387
5619
2379
9564
2737
2984
7028
10845
6840
4239
8016
4927
2468
4125
7705
3520
2148
2734
1747
7177
10419
6579
5533
8556
3033
2531
3702
10539
6706
3963
7938
8409
3455
7768
8509
4916
9340
9687
10046
9299
5491
8938
8992
10172
1855
4686
8285
9338
1555
1307
6284
10429
9499
9467
9149
4994
8403
7823
8946
6533
1671
10030
4832
10180
7547
10816
5734
7926
6300
3642
8046
2603
2983
2474
8450
5622
2168
9109
4144
8280
7029
3663
5664
3343
3180
1819
5206
4383
7946
10900
2692
6991
5486
9435
10977
6407
10574
9522
1807
7369
9944
2361
3914
7518
9995
9926
2109
8914
9751
4858
2153
1763
6978
8930
9000
5077
8781
3707
1679
8218
1526
4826
5635
2480
1872
3050
9181
5163
3744
4615
4432
4485
7512
8475
10714
5811
8345
7879
1178
1850
7396
8981
1057
4513
3715
6667
10892
6185
1766
7555
1185
6843
4608
9704
2263
10496
9923
9635
1355
5063
6632
5559
10641
1906
10996
9738
3383
3634
4376
8885
5120
3157
4344
9182
8704
1804
1310
9012
2499
6914
5119
9210
10979
1146
2718
6072
2554
1000
1792
10302
5124
5267
1648
6090
2952
7497
8836
6252
1497
3844
2800
9768
9960
5723
4585
2748
8653
9452
3276
1299
3238
1673
8272
5801
8494
9792
9754
8736
3041
10879
7775
1282
7215
3784
6799
3144
10448
4977
1456
6010
7575
6447
6697
3320
9978
7669
3024
4857
9105
9351
6582
4833
6316
4564
1569
10648
5802
10292
9674
4009
5751
5646
10153
1160
6229
6396
10157
10696
4927
6067
7424
2124
10474
3694
10907
3836
3245
5738
3782
3035
7363
3943
10402
7958
3198
9389
5643
3887
6846
7934
6504
6939
2034
1579
7652
1944
9246
9434
2626
5924
7518
3877
8365
7290
4761
1142
1406
7118
3322
9138
5729
2699
3675
8980
2906
2218
3603
1340
9268
9078
5746
1319
5402
5774
3194
10816
3754
6922
4145
2535
10710
10274
7604
1217
1277
2091
4109
3201
9770
2164
7560
1238
1419
8848
10163
7988
6165
8964
9348
8072
5973
1060
1263
2358
1594
8569
2632
5188
2850
8342
10054
1421
3746
1163
2825
5055
7913
2233
2366
9286
4871
7783
7104
5101
9851
4372
6353
10577
9546
4446
6665
1401
5735
6402
9565
3507
10367
3813
6468
8992
1315
2499
9670
2355
3900
10278
1847
2054
6474
8538
2483
4893
1181
10446
1353
10719
2008
7277
9181
9667
8019
7486
9417
10071
7744
10184
8692
10534
2608
7034
4613
7915
4743
3579
8633
6609
1709
5277
2660
8574
9910
6951
3124
6063
8773
6435
7964
2245
8092
10692
10224
5952
9383
10109
8652
9755
4874
3678
6858
9752
10343
2496
8004
7341
2405
3652
4454
7072
2237
2550
10440
2367
6551
3000
2059
9379
7781
5228
1153
6294
1982
10097
5698
6210
1502
5843
1979
5820
7515
4972
9690
10785
4587
4895
8600
9583
8325
4375
2054
4407
8917
2763
9692
8113
7780
2868
4461
7506
3943
10578
10623
10874
2310
6092
1994
7760
6144
6951
3566
3330
6973
2809
9146
6567
10260
4271
2154
3880
2975
5291
6529
2590
10779
9778
8711
5725
3124
5093
2917
3650
5825
4973
9871
3689
1388
7165
1840
1235
6837
4435
10300
3205
6535
8287
5666
3348
2346
5559
7138
6400
10507
8298
2078
6142
6921
7267
8514
6507
4097
3329
4648
1565
7597
6869
3416
2140
3512
4155
6446
5041
5477
6333
10094
7134
5936
4852
6028
2383
1429
3504
1351
10239
2593
5946
3077
5662
9270
6568
9445
8689
1426
3585
4289
8314
3489
6225
9571
5018
3890
10255
3353
6437
9560
8350
7420
5428
1362
6609
9949
3776
8158
6050
8081
8190
9049
4836
8543
2294
8121
8823
1799
7433
2287
9757
8342
7042
10567
7275
9367
6348
8018
3777
3052
3220
6646
5998
5005
8096
6516
4478
6255
8176
6011
5413
7177
4436
4443
7760
2132
2191
8300
5610
10737
7594
3072
10860
3487
3132
1494
10217
3165
8776
9536
6457
5133
10968
7128
7988
3833
4841
3246
2802
3946
2310
9605
2544
1207
1162
2559
4326
7675
5888
8534
8311
1370
8189
9389
8264
8277
6352
4534
1220
6812
10185
4069
1311
2132
8568
9764
7306
1449
6759
5384
9975
9430
5147
8084
1597
4834
3638
3629
2030
8109
8929
4847
1511
5371
10697
6062
8455
4208
1479
10783
10724
2717
7076
9223
4778
5690
3756
10611
2902
10885
4642
8746
10579
10986
7269
6193
9298
2675
5138
4334
3487
9313
7402
6095
8529
9900
7990
4363
10274
4647
3832
5864
10673
3240
8419
6287
5652
7623
9277
1326
8001
8964
1747
10061
6015
4302
7038
7042
2808
5905
10326
3336
3666
9040
6244
9502
6959
1444
2636
4780
3217
4835
7579
2075
6210
8372
2877
5766
10611
4386
1186
1931
1795
3535
2721
3575
5571
2475
6126
1041
5255
6725
6328
2981
2655
2449
5398
9588
10359
9211
6900
7017
9132
10187
1896
9008
9520
2522
10506
7378
3152
9844
1619
9748
2212
10702
6373
4449
3654
3241
6747
4197
2343
8359
1666
3131
5662
9341
3657
9241
1026
8971
1669
7227
9450
3528
2040
6317
5987
2193
1059
2829
7427
9732
10489
4928
8683
3127
6741
2595
4258
1743
9967
8117
10207
9518
7324
9028
5783
6924
4820
1413
1064
1977
5831
10776
9029
2322
9346
2027
8035
6610
3983
1966
2707
2731
1019
5990
2146
6197
2027
8838
2029
4998
6321
4475
3720
8243
5676
8967
8465
9813
4303
1888
4705
8816
9667
2250
6771
8672
7390
6994
8520
7092
10118
4924
7849
6624
9745
1520
2271
4622
4591
8752
6736
10197
3498
10542
2027
5293
1564
6619
8741
1729
9762
7587
4292
10021
7616
2679
7773
9322
1365
2139
4569
2144
2768
5521
5134
9372
3747
5701
4699
1371
9255
4363
7731
6405
8657
6422
3005
3525
1219
10410
5067
9335
4934
9956
7067
8227
2118
7849
3947
8426
4238
9516
7584
2366
9398
4020
3656
3575
6186
2781
2109
2131
2237
4141
9485
5629
7806
5051
6041
2978
8874
10747
2715
3936
9634
8812
10076
8784
8702
1686
5092
10309
9522
2942
2163
3845
7167
9901
7631
3704
7997
5376
4847
10223
9449
8544
7128
1750
10266
4964
3718
3021
1848
6182
10381
1475
1454
1268
3568
10836
10895
5640
6130
1174
6807
10138
4411
3694
7396
1860
1933
9944
3429
6166
8599
3382
6497
4475
5370
7752
3131
7532
2891
4045
8229
2787
3577
5305
8531
8339
9295
7320
6385
7606
1563
9090
6231
6118
1936
2816
1100
10577
1016
8814
10041
10663
6719
8673
3151
8054
6812
5098
4044
1416
9153
4699
9193
3082
5702
10650
7848
2800
3280
3892
7021
6392
6552
5076
1242
1500
5545
3140
3455
10412
4458
4243
8705
7211
4061
1415
8874
1849
3638
4357
2258
9185
9600
4655
6685
6035
5277
2909
1397
1333
1981
8303
7114
1093
8609
4786
3062
2499
8623
9313
2101
2173
6953
3102
5301
5290
2522
3489
4523
10411
5920
10736
2039
7935
10064
7376
1272
9830
3174
4891
7251
5145
1660
1026
2368
1719
3133
8516
1765
5395
9451
8080
8839
1420
1086
1368
10094
6141
4429
2263
6185
1974
8850
9620
10962
5898
5113
4583
3219
1868
8153
8507
6793
6579
1782
6324
10951
7493
2342
1203
2430
2067
6115
1672
9628
7393
6256
5192
2819
2138
9152
3360
1340
9521
5507
8264
4379
5835
8050
9019
9717
5995
1325
5846
1951
8045
3315
9486
2424
6855
9106
2423
1754
1693
2671
3347
2893
1317
8057
9831
7596
1258
9257
1732
9932
6949
5788
1333
2027
1640
6452
4453
4886
5276
8924
6403
2429
2014
5963
4056
1578
7462
1418
4695
5904
10120
4681
7382
8448
3630
6127
3485
8018
3238
1585
2285
10530
2904
10245
3667
3113
7275
1095
5676
2542
4760
2300
4315
9548
6558
3701
7369
1830
3416
2390
9644
8200
2188
3672
1851
1343
2918
10763
8993
9292
4484
1712
4785
4165
9715
1782
9209
5693
2298
4259
1273
3430
3173
7926
1125
9635
10885
10938
10553
1826
10806
1950
9069
8666
6641
2675
10314
5250
10819
4613
1068
7170
8702
1182
8952
4334
4462
8423
2079
8368
3567
5264
8083
6917
8461
7394
7482
2331
3195
9123
7457
8840
2168
6217
6643
1711
6752
8995
10122
6303
7119
5445
7365
5181
9659
8578
5531
3155
5138
3311
8270
10281
1840
3861
3972
3139
7782
1879
6978
10586
8361
8437
1257
2608
6487
8129
6214
9518
9695
3136
2420
7568
3584
6146
4645
5700
2258
8453
4593
2446
1717
4711
6718
9424
9639
1308
5057
8088
10282
8751
7844
10667
5781
10571
10616
2560
1961
8508
3501
4816
7175
7105
6608
6269
3968
1958
9843
6111
1469
