33613
34301
32292
30996
32479
30894
34357
34397
31323
30333
34326
33530
31990
30821
31426
34780
31744
34285
31441
33297
32851
30478
32376
33499
32696
34656
31994
34927
33758
33970
32615
33738
32028
33553
31445
31695
31481
32728
34228
32972
30954
32401
31934
31766
31676
32635
33343
34345
31707
31205
30657
30773
30082
33106
30123
30445
30676
31285
34955
32866
32594
30798
32098
30551
31485
32733
30487
33710
33583
32423
30734
30996
33021
32040
34514
31424
31928
31112
33496
30065
34005
30504
31191
31609
34761
32950
34685
33164
30368
32823
31883
31566
34456
33773
31844
33764
31330
31465
34274
30665
32801
31659
34794
33364
33261
34072
34713
32216
31178
33610
30230
30637
30117
32630
32745
30421
32927
31243
32253
30201
34958
31839
33891
32580
33952
31190
34623
31568
32409
32093
31822
33168
32734
31755
32872
33342
30610
34881
32643
31462
30746
34900
30200
34283
33029
32897
34186
31041
31278
31624
32331
34002
34668
30228
32321
33372
33577
31522
33210
32755
34842
31823
34612
33811
30407
30903
33049
31489
32740
33572
32576
34539
34303
31620
32838
32060
31691
32102
31303
31517
33860
30678
32736
34312
30156
30375
32143
33391
30949
32880
34230
33949
34183
32818
30515
31098
34660
33009
30107
31733
33827
31345
33481
32733
32874
31123
33657
33393
31560
31535
34586
34113
34842
30788
34595
33708
31348
33455
33557
33531
33802
33017
32082
34070
30255
33796
32100
30517
34453
33310
30985
30834
34550
34351
31253
34318
30908
34328
34248
30536
31828
34044
30914
32541
30744
30588
31812
33132
31908
33901
33153
31674
34457
34324
32246
30942
34921
31734
31093
31773
34402
34993
34856
31152
34327
30303
33716
33476
31899
30100
33443
30811
30959
31269
30167
32497
33741
30043
31604
30826
34238
34937
34989
34378
30890
32138
30746
34685
34942
31863
34457
31016
30939
30344
34746
32343
30772
32936
32855
34681
34999
31942
31691
32137
32848
30337
30314
30590
30059
31531
30034
33397
30009
33042
32281
32421
33428
30899
31383
30483
34654
33743
30541
31383
33919
31827
33686
34663
34078
34243
30885
30547
31714
30767
32215
30265
31201
32168
32322
30946
34880
30372
30406
32516
34092
31256
32403
31329
32521
32454
31804
32424
31593
34656
34091
34691
30015
31547
30788
31737
34868
30007
33646
33444
34202
32126
31551
31549
30688
33707
31319
33607
34669
30453
32641
30457
32864
30340
30197
30312
30967
31060
30201
34125
32030
30672
30618
34738
31555
31784
31245
34483
32504
31501
31674
34419
33672
31212
34012
32404
31950
32386
34362
31131
34314
34143
33898
30091
31973
32614
34662
32257
31687
30612
32543
32032
34279
31655
31490
34542
32683
33921
33024
34422
30616
32093
32970
31504
34756
33393
32757
32614
32130
34964
32666
31456
33287
30146
30185
31586
30267
31421
34495
32572
33257
32415
33645
33730
32082
30726
33308
33030
33734
32287
34637
33675
31573
30102
31390
31947
31670
33140
31490
31491
32646
33690
32679
32804
31715
32341
33590
33478
30865
30594
32551
32577
33837
34644
33332
34100
31224
34260
31294
34417
34094
32545
32909
32192
31479
32640
31556
34444
34286
30101
34459
34483
33112
34603
31706
32081
31543
34784
30674
32135
30624
33293
31382
33344
31170
33420
30274
33621
30689
30194
33139
31065
33801
31072
30743
32223
32942
30613
31182
31371
32059
31334
31457
34870
32418
32000
30050
32638
30372
30100
32380
31221
30137
33165
30469
34625
31962
31735
33689
30604
31500
31952
31224
30085
30248
31115
31587
34919
34538
33178
31515
32624
31798
30764
33355
30996
30418
31200
34407
32579
30384
32161
32429
31072
33730
32114
33450
30388
31427
32220
30568
31195
32883
34517
32095
32269
30947
33331
31666
33191
31346
30522
34123
34547
33735
30266
31570
31805
34008
31316
33402
30920
32187
31174
32316
31017
32235
31374
33663
31585
30974
34915
33984
34369
33332
33362
33687
30393
31298
32480
33283
31625
32719
31619
31343
34396
32150
30278
33060
31842
32750
32484
30353
33661
33207
31988
30153
31518
30222
34894
31372
32848
31594
34502
30320
32469
32312
30518
31937
31449
33516
31801
32054
33796
33441
31469
31366
34179
32515
32488
33099
32945
33779
30327
32743
31018
33754
32395
31292
30872
31529
33188
31536
30794
32169
30834
31504
32905
30791
33506
34172
31109
33242
33102
34140
34952
30336
32793
30385
30121
32117
32153
33039
30323
34662
34798
30513
32423
33725
34289
34934
32976
30430
30024
30507
31253
31161
30642
32241
33148
31241
30870
34648
34797
32932
31137
33475
34869
31196
30407
33214
32660
33366
34705
32006
32017
34472
30800
30001
30988
31440
32513
30822
31252
33235
30194
32101
30970
34924
33060
33849
31270
34333
30481
34549
33849
33466
30295
30614
33923
33084
31846
34903
30381
33788
30751
31906
33897
31553
33102
30006
34577
34803
33777
34244
33030
32225
34513
34295
31442
32696
31864
32659
33711
30548
30163
34756
32121
32540
32379
31114
33090
34033
31207
31356
34925
33800
32236
34027
34669
30217
33655
30720
31966
34070
31666
33801
30700
33951
34821
34760
31148
33301
30471
33308
31975
30798
34302
33076
31614
33506
33291
31617
31178
33043
30841
31475
33843
33938
34583
31895
30868
33511
33740
32032
34452
30152
32707
31404
33952
33167
31751
30328
31711
30685
30241
33750
34863
33035
30535
31477
31846
34299
34647
33770
34827
33922
31357
33326
31134
31553
31785
30120
32397
33220
32892
30757
34241
33547
33069
32277
33609
33895
31423
32528
30045
31679
31637
30248
30077
30643
30833
34392
33251
32976
32168
33605
33509
30910
34922
31365
30016
34654
30777
33854
33690
33169
34440
31175
30527
30405
33559
31652
33327
33896
33748
32046
31205
32698
32531
31842
32618
34582
34345
34876
33779
33249
31750
31627
34529
32518
31961
30278
31224
34138
30904
31559
33082
30380
32200
33959
33948
30926
31858
31378
31825
32434
32431
34269
32230
33583
33205
31421
33087
30707
30090
31217
34528
30646
33392
32723
33021
33228
31154
31683
33102
30483
30614
30013
30669
33381
31547
33940
32130
34272
31357
33311
30657
31973
31663
34274
32146
33222
30809
34648
32146
32451
34266
33632
31344
34118
32807
31253
30259
34558
32740
33051
32049
31521
31298
33767
33219
31670
33346
31182
34144
30882
31785
30385
34742
34784
34429
33535
33656
33926
33207
30499
31061
31446
30169
30960
32061
31667
32042
33194
34273
33461
30215
30391
30379
33510
31221
31222
34260
31781
32252
32142
32741
34619
30278
31082
34064
30805
32504
30987
31448
32593
31832
30727
34462
33060
34352
30041
34886
32483
31090
32297
34233
33929
30333
32798
34619
31752
33286
30784
30688
33451
31714
30739
33195
31700
34683
34961
33671
34778
30385
31959
31658
34005
33827
33699
31511
31933
33855
34108
31083
32039
34582
33394
34369
30921
33635
32368
30514
32745
33342
31944
34999
30689
33436
34517
31689
30693
33649
33822
32516
32416
31896
34242
31870
32531
32674
30023
34734
33672
30045
33320
30059
34767
34023
34094
32283
30903
31692
34821
33022
34263
33572
32499
34753
33468
32377
34020
31391
30286
34303
33850
33541
33167
31348
32556
34421
33195
30330
31924
32261
30390
32011
32533
30976
31915
31093
33084
30102
31305
32094
33342
33552
33043
34105
33563
33111
31039
32289
30649
34685
34822
32878
31236
34131
32982
34614
33013
32557
33373
32325
33865
34515
32935
30400
33531
31673
32082
32111
31828
33858
33832
33457
30274
30496
32636
34708
33487
33295
30848
30717
33803
32635
30463
30781
30485
30663
33783
33053
31958
31511
32793
34899
31926
30288
30891
34117
32259
31974
34525
33037
30103
31879
33924
32654
30425
30927
31180
34790
32775
34130
34617
32925
34275
31057
31255
31293
34411
30647
34528
34050
32126
30731
34070
33395
32195
31204
30346
30858
31588
30920
30852
32241
31532
32557
32988
32581
34996
31131
30769
33399
31404
30041
32800
33504
34784
32215
34135
32333
31376
34428
34610
31548
30949
33882
34941
30566
31841
31183
33891
31574
34623
31229
32791
30496
31979
33188
31706
32693
32114
32149
34780
34758
33197
33282
32358
30303
34978
32053
32855
32535
33052
30183
30461
34980
32788
31074
30494
34340
33575
30817
30088
33241
33090
32606
34422
30453
31156
32828
32260
30703
32371
33166
32245
34964
30290
33407
31218
34425
34201
31268
34590
31864
34421
31151
32248
34802
31162
31637
33169
31748
31190
34690
33999
33860
33415
31203
32713
34934
31552
34437
34499
34810
32752
30884
32316
32520
34828
31103
33814
30767
33726
34234
33334
32698
31013
31707
33341
30261
32055
33578
33830
32766
33485
31290
31657
30223
33950
32389
31983
31403
31734
30503
33615
34775
32704
33457
31496
33339
32802
32121
31080
32481
33984
30080
31501
34821
31667
33525
34146
31629
30612
32424
30156
31476
30340
33633
31134
32377
32741
31282
31673
34197
33582
34650
30232
31381
30835
32716
31411
30205
32980
30047
34921
34278
32871
31079
33324
30424
33000
31108
33808
30204
31672
32385
34949
34899
32715
33640
31469
33627
34230
33380
34111
30596
33985
30031
31477
33669
30450
32477
31571
33845
32978
31296
31513
33590
34676
34789
30923
31340
30475
32328
32439
32767
33699
31348
33895
34165
33811
34989
32671
33837
33089
31697
31209
31983
30910
31468
30983
32239
33476
33539
31073
34091
30421
33420
30232
32179
33382
31916
31538
31809
32332
30121
31655
32665
30925
32489
30035
30578
31211
33034
34021
31126
33148
33467
32766
34919
31174
30010
30583
32642
32609
34848
34669
30952
31244
30731
34726
32290
34901
30683
32528
30174
32892
30255
34575
31496
33439
34360
34296
32850
34739
32117
33533
34638
34633
31833
30936
33371
33831
31146
31914
32527
34169
30635
31694
31308
32464
33677
30146
32198
34842
30225
30838
30491
34249
34098
30289
32420
33792
30801
34960
31564
33068
33256
32959
34542
30232
32458
32989
33180
31251
34891
34819
32261
31405
33276
31606
34446
31640
32770
32613
31733
32972
31664
31837
33689
31814
30850
32155
33550
31465
31028
32657
34712
32645
34225
33325
32030
32327
34688
31854
32593
32417
34092
32873
31541
34492
30435
31747
34831
31876
34122
34751
30679
30987
30335
32707
32568
32072
34775
32270
30094
30097
32313
30908
32695
30462
31706
31085
34317
34696
32082
32275
34499
30786
32735
31691
30550
33839
32385
34046
33798
34588
31677
30152
33685
30279
33022
31288
30103
34289
31273
30930
32747
30792
32304
31121
32785
30128
34674
34737
31876
30810
31880
31884
31962
31429
34331
34554
32729
33477
30220
31087
32324
31737
32212
34448
32583
34169
32957
30006
31679
33272
30272
30470
33229
33814
33401
31520
32429
32489
34937
31511
31738
33838
33842
33432
34917
32194
33528
34550
30845
34366
30413
30573
31561
31362
30333
31470
31300
32368
33124
34171
34551
32677
32837
31964
34286
33588
34988
33216
33716
31708
32670
32376
34192
31106
33640
32024
30708
31474
34501
33503
30387
32698
31420
34258
34532
34279
31249
31556
32020
32589
30187
34216
33384
31169
32326
30218
32451
32001
32362
30211
33373
33558
30347
32035
32781
31873
31698
30652
31321
34276
30332
34205
30635
30522
33682
30084
34437
32385
30233
33776
34649
33399
30026
30157
33018
34027
30469
31009
32519
32333
30569
31087
30537
31057
31575
31698
34843
32320
32120
32428
31145
30080
33628
33183
31892
32885
31317
33348
31349
33119
30923
31475
33416
30830
32738
30434
34628
31003
34056
34385
32536
30865
30571
30085
34520
30532
34490
33539
33735
33329
30459
32280
31983
32214
32597
31239
31023
33995
30431
31698
32748
31697
32025
33964
31348
33378
34865
32535
32871
31234
32713
31897
32110
31964
33078
31029
33201
31624
30597
34007
31075
32707
34785
31328
32505
32319
31584
30139
34843
31685
31342
32366
30754
34952
32306
32061
31419
33164
32704
30139
30970
31095
34431
30531
34106
30230
33020
30631
32940
32819
31998
33286
32271
32422
31315
32507
31559
32578
31691
30924
34497
34554
33052
31544
30429
34723
31669
34780
30933
34235
32928
33744
30094
30810
34497
34845
32412
32192
34004
32954
31970
34848
33094
30296
31522
34139
33250
33874
34866
30720
30159
30601
34384
34826
33776
31703
30408
31162
30084
33178
30451
33639
33031
33964
33818
31148
31569
34832
34171
31305
33853
32183
30395
34516
31653
32692
32981
31449
33540
34141
33322
32783
31524
32148
34929
31654
31482
33204
32801
32734
30350
34815
34325
31513
33119
31535
32591
31187
32134
34220
30856
32953
32377
34854
31262
34713
33276
34636
30663
34872
31051
33836
34694
30889
34227
33347
34812
33884
30049
32063
31056
31214
30331
32683
32394
30992
30814
32851
31500
30018
34976
31545
31658
34449
33599
30927
31724
30566
31393
31254
33537
31857
33862
31910
34159
32166
33466
32415
34272
30063
30343
31112
31566
33922
34027
31814
33291
33836
32958
33887
30810
31110
30015
30239
31794
32263
34687
32178
34108
31587
32270
34715
34899
31779
34268
31365
34300
34820
30579
31840
31806
32892
34675
31607
32595
33722
32734
33207
34439
34806
32302
30202
30425
30177
30003
34077
33040
32566
30865
32734
30383
32297
32233
30387
30764
33710
31551
33623
32342
30373
31964
32846
34165
34237
30109
33851
32046
34559
33348
32135
33751
34517
33581
30781
34888
31242
32220
32268
30427
33987
30501
32917
34925
30527
33748
32909
33709
30883
33670
34693
32916
33121
31855
30392
34662
33425
31853
33805
30768
33152
33365
34838
32930
33817
31285
34728
31152
32178
30618
32756
32243
31016
31179
34325
31749
31885
34341
30123
32333
30688
30569
31239
32527
31206
30083
30944
34328
33945
32636
30317
30944
32302
32577
31292
32473
32714
33045
30195
30808
30863
33677
32757
30569
33908
30235
31983
34512
31363
31606
34139
33493
33520
30872
31741
30623
30550
34311
34700
31292
33979
33864
34051
32703
30351
34145
30745
30596
30377
34013
31525
32857
33491
30478
30454
33509
31007
33686
33267
34277
33426
31502
33574
30068
30624
32955
32566
30755
30384
30037
30597
33633
30873
31162
31327
33045
33957
34059
30644
32610
33437
32485
34880
30938
30102
30163
33305
32422
33658
31762
30672
34517
31386
30053
33012
30963
33482
33874
30739
33883
30485
30588
31843
30992
31667
34370
33584
31913
30320
33913
32710
33780
32687
32045
32074
31100
32974
30782
34732
30229
32364
33376
34048
33343
34097
31115
30773
31641
32197
34901
32332
31145
33940
32660
32077
31801
30327
32545
31848
32820
32182
32593
32400
33697
30846
32189
32276
34030
31005
32141
31896
30337
34022
32729
31129
30740
33729
31912
32216
32519
34873
31524
31841
32778
32149
30245
31981
32211
34983
33421
30029
30525
31137
34589
31671
30210
33098
31630
32006
30057
30331
34650
31229
32179
33526
32163
32004
32403
30225
34732
33134
33877
30471
31215
31114
31969
32056
30167
33737
34935
31227
32256
32160
30588
33785
32755
31222
31654
33251
33294
30671
34685
33702
32619
30131
31747
31630
33240
31881
32597
30145
31927
31360
30410
30950
32359
31583
33772
33918
32618
34962
33708
31041
34680
34624
32051
32804
30013
34948
30694
32578
34326
32801
30289
31648
31586
32505
32752
32086
32270
31087
31298
34522
31985
32924
34447
31895
30322
30335
30651
33534
30623
33080
30523
31107
34383
34463
33056
31420
34345
31552
33249
34278
31087
32506
34422
30241
31526
30992
30467
34500
34247
30072
33121
31003
30691
33130
33267
33584
32457
31811
31943
32785
32268
31483
33932
32801
33196
32763
31387
33400
32105
30707
33497
33479
33615
31787
33739
31631
31942
34200
31187
31482
33378
34402
31787
30549
32195
31020
32943
30995
32029
30571
34928
31325
31242
31762
32437
31657
34934
31805
30005
31361
34708
30285
31635
34470
31704
30532
30073
33516
32940
30545
32233
32031
30319
31998
31727
31358
30178
34368
30570
31032
32589
34063
33757
32124
31834
33087
34409
30141
32631
32917
34278
32926
31938
30734
34425
31770
33824
30981
32664
34135
32455
33875
31412
32076
32709
33668
33710
30480
34993
34687
34269
34757
30296
31550
34991
31462
30626
32288
30398
30412
30766
33619
33677
31799
33107
30166
31347
30755
30433
34957
33159
30041
34023
32310
33093
32240
34638
34804
31447
31043
30982
30529
30952
32932
31600
30722
32061
31161
32572
30470
30821
33791
33035
30479
32850
34461
34199
30964
31208
32034
33434
32710
34542
31097
31244
32169
34899
32307
32177
31453
30523
31181
34163
33110
33018
30476
34396
33849
33576
34127
32686
33009
33277
34061
34582
30720
33855
34006
30190
34785
30537
33142
33947
31302
30510
32711
31086
32349
31015
31757
32310
32017
31698
32344
30078
33454
31660
32006
33027
30556
30551
31040
32122
30712
32463
33630
30303
31687
30617
33004
34960
33717
30190
33007
34539
31222
34399
31371
30046
31642
30577
31999
31774
30014
32603
32060
32641
30784
34093
31833
33287
31123
33107
30890
31558
34196
30794
30138
31006
30308
32243
33407
34686
34656
33742
30789
31996
32005
31416
33574
33522
33648
34816
33600
33751
33549
30510
30631
30827
30829
31325
30661
32951
30950
34308
30983
32276
34510
30015
32618
32252
34167
34707
34406
33910
32162
34097
32041
32317
31613
34178
34663
34211
30167
32685
32361
30642
34149
33405
32211
31444
31358
32086
31659
34011
32252
34089
31934
31155
31972
31822
32565
33279
30432
34161
34041
32241
33370
34112
34242
33486
32588
32708
32758
30409
32806
32463
34936
31295
32928
30069
33191
34667
30032
32198
34385
32139
32902
34794
32136
30139
31174
30006
30635
32544
34158
31398
33128
32120
30849
31507
32337
34399
33131
31671
32060
33245
33070
32383
33215
31543
31116
30537
33812
30738
32094
34669
30866
32760
33660
31177
33292
32308
34374
31079
34413
32720
30523
31314
33564
31585
33671
31185
34893
30937
30490
33139
32312
31677
30039
32772
33246
30896
32299
33407
32625
34960
30983
30140
30051
34976
34334
34859
30954
33038
33635
33114
33410
33461
32053
32284
32788
34278
32948
30147
33478
30962
30873
33823
31034
32499
33761
31679
30771
30852
30715
30223
30958
31541
31642
33667
32286
34340
33156
32643
30682
32769
31988
32439
34067
30337
31397
34021
33784
31133
32456
33112
31052
31019
34000
30076
32363
33101
32484
30944
30696
32121
30188
32170
31219
31450
30520
32401
30914
31156
33478
30967
33581
30309
33970
33637
30286
31434
31323
31412
30617
33688
33011
31361
31968
31869
31318
33425
32674
33709
31495
31198
32621
31865
30200
32840
33593
34021
32801
31751
32367
32177
33235
33143
32370
30066
32853
30621
32365
32986
32486
31218
32358
31846
34164
34430
31345
31254
32789
32270
32191
32378
34820
31329
30304
33690
34278
34928
31575
31959
31869
30380
33846
30601
30484
30428
32010
31513
30644
32255
32527
33744
32359
30374
34695
32806
31972
32878
32391
30599
32331
32421
31683
34996
32449
33482
32203
33190
34373
34074
32510
34728
33683
32977
31174
33846
33937
33182
31307
31952
33089
31730
30461
33371
31839
33225
33324
32138
33459
30522
31315
30545
30145
34324
32461
33051
31415
31361
30933
32404
32558
30560
33748
33465
31869
30789
32103
33542
34122
34708
34615
31520
32434
33262
32246
34053
31404
33219
30022
32705
34385
30505
30716
30947
30390
30835
34149
33094
34181
34157
34343
32588
30489
34303
33187
31064
34321
30553
34618
32771
32222
30183
34062
33722
32432
33788
33658
33885
34422
31747
32108
30739
32549
31459
30122
33644
30740
32219
31915
32279
32485
34855
31136
34214
32709
34866
30339
31559
30440
32797
30326
31596
31775
31654
30622
34356
30571
31804
32402
30179
31079
34306
32447
32536
31185
32506
31526
34158
30593
33380
34776
33358
34565
30231
33016
34202
31116
31983
34186
34044
33362
33536
30531
33760
33667
31882
33049
32592
30307
32365
30876
32231
32749
34335
34982
30528
32795
34860
33311
34992
30630
31093
33987
34145
32398
32548
32544
31456
30492
30030
33098
30985
32190
33114
31233
34993
34443
32730
33407
32661
31600
32712
32874
33017
30394
32147
34201
31675
34156
32457
33557
32330
32187
30078
32421
30289
31160
30094
30278
30792
32974
32488
30450
31605
33070
32365
32593
30238
30231
33471
32070
32162
30913
34948
34652
30265
34556
30461
30136
30770
34708
30258
32272
34340
31720
34697
30188
30806
33603
30487
33172
32314
30818
33549
30699
34567
32576
33142
32235
33119
32279
33017
34960
33225
31215
33898
34393
30384
31436
33870
31132
31507
31467
32551
31393
33405
30268
30644
34019
32008
30143
31292
30106
31502
31400
34276
33308
32529
32093
31096
33637
32012
34722
32687
31308
34113
33674
30410
31673
31228
30121
34909
33844
34343
34648
31343
32551
30592
32297
34863
33415
30808
30467
31639
34655
31357
34984
30374
34357
34282
33437
32361
31049
33973
31281
31209
33659
33154
31498
31891
34068
30406
33749
32987
32704
30871
33204
34666
33771
31714
34085
32867
31194
34716
30768
33912
32323
31325
30881
32722
32703
31450
30463
32401
32342
33042
34100
31953
30100
32044
33327
31237
32243
31975
33878
34920
33761
30513
30359
32114
30540
34036
34801
33111
30715
34078
33206
34823
30006
32304
32364
33537
32745
33489
30229
34401
30084
31939
34371
32924
31495
32007
30376
32369
32629
33669
34421
31627
30302
32223
32537
30996
30274
33502
33733
30924
30882
32068
31445
33267
30369
32172
33985
33515
34963
34919
34061
30873
33772
32601
33942
31773
30324
30403
33758
30767
30282
30210
34410
32509
31695
31623
30434
30723
31781
30808
32520
34042
34448
31928
33421
30236
31395
34723
31488
32455
34845
31396
32024
34280
34829
31714
34781
34090
31844
34656
32162
32398
34955
31068
32461
31069
30621
33867
33481
30653
31870
33099
30692
32608
34171
33032
32501
34979
31836
31267
30201
32029
32264
33104
30686
31415
31608
34647
31207
31803
34086
30022
32473
34255
33327
33325
30613
34916
33071
34706
32616
34474
30436
33965
32359
31407
31662
34286
34095
32232
34069
34566
30035
32390
31563
31364
32047
30093
32155
33217
32661
32553
31163
32357
33086
32122
31774
34884
30492
32905
30045
32723
32509
33595
33143
31216
30058
34862
31302
32961
31809
31058
32932
33291
32096
34490
30934
34790
30683
33619
33680
33990
33703
30316
31033
33118
33360
32806
33065
31792
33840
34693
34160
34872
33801
33752
34280
31874
33141
34806
30253
31929
34060
31010
34660
33633
31534
30528
31882
32599
34369
31856
30319
31680
34013
34779
31130
33287
31926
31371
30199
34315
32522
33416
30271
32632
31404
31168
30598
32181
31080
30479
30058
31358
31927
32663
30714
33234
31390
33505
31454
34608
32386
30157
30902
31286
33390
31967
32734
32754
31153
33906
32032
34700
30754
33545
32618
31387
31197
30860
32473
34823
34002
30760
32270
34784
31300
32618
31720
30645
30359
34901
34474
33463
32214
30433
31191
33719
33988
30847
30435
33701
34377
32523
33188
33875
33407
34729
32681
33281
33334
31099
31050
34474
31621
34169
31216
33575
31265
31266
31925
32474
33955
32531
31847
31878
31141
32854
33873
34109
30845
30028
34371
31146
34742
30893
31916
30288
32171
34023
33021
34362
33933
31182
30559
31717
33767
33867
30072
31931
32415
30024
31346
32937
32808
34923
30556
30931
31887
30841
30797
32335
33586
34989
30222
31239
30287
30409
33391
32763
32156
30356
31741
30742
30619
31964
30467
32424
30393
33190
32558
34116
31846
33564
33622
33770
33207
31942
32593
34000
31979
34380
33506
33653
30259
33619
34746
31894
31630
34022
30254
32644
32523
32831
30258
30830
31984
32022
32163
32843
34338
30113
30707
32762
32622
32581
32089
30926
33792
33628
31031
32828
34378
33943
30472
31375
30728
31750
32481
32158
32585
32941
31535
30491
33624
30193
30530
31936
31427
31492
33969
31742
33028
30021
34326
33334
32079
31028
32011
34035
32787
32428
32253
31991
31316
33794
34863
34725
34976
31549
34042
31679
30705
34398
30964
32777
32627
30290
33367
30901
32246
33765
33364
34337
34005
34633
32071
31358
31288
34952
30581
31946
34072
30431
30419
33897
30993
31987
34008
34375
30876
33128
30590
34633
32814
34416
31965
33492
34587
32217
31817
32934
32543
31026
34757
32292
30470
31918
32607
32963
34522
32586
31918
33260
33878
32132
30770
31017
33649
32069
34394
32981
31420
30705
33828
31332
34471
34507
32121
32541
31913
33102
32774
31073
31927
30946
32786
31487
30207
33412
30677
34878
30862
33721
32070
34719
33558
33900
34088
31961
32723
33606
32742
32415
31952
31437
33772
32152
32206
32745
33176
34045
32133
31322
33680
31192
30438
30526
32950
34250
31120
33594
32105
31125
32585
34710
34550
32820
31816
34510
34471
32633
30393
32726
32163
30997
30704
34359
33751
33069
34049
32687
32106
31874
33431
31589
30287
31993
30156
31717
33206
30429
33465
33817
34956
31866
30710
34625
31493
31044
30780
30147
31559
34535
30873
33279
30465
31264
32724
33141
30403
30123
32305
32224
32280
33582
33039
31022
31121
30014
34128
31336
33980
30249
30921
32840
33909
31788
30523
33561
34731
31014
33858
34403
33303
34236
33812
31206
34616
34966
31483
34399
30914
32722
34710
31961
31760
30936
34381
31918
30792
32390
31908
33383
34319
31452
31218
34063
33652
32250
31050
30942
33561
31873
32881
30509
33199
31672
30897
32406
31281
30304
32806
31086
30244
30338
31040
31301
32773
32151
34928
33445
34451
31856
34550
31185
32967
30464
30506
33832
32722
30838
32281
33914
31438
31447
34802
30802
30823
31843
32554
32100
34051
34695
32637
34098
32200
32508
32574
32898
32236
32429
32809
32178
33331
30678
34079
31326
31133
33459
31754
32057
32430
34575
33481
31178
33210
31775
33925
33865
31296
33118
32405
33235
30678
32002
33736
33970
33902
34902
31026
33736
31231
30649
31272
32101
31439
32255
31255
31415
30880
34759
33585
32130
32400
30013
32650
34161
31725
31881
31906
31315
32513
33391
33884
30313
34147
30840
30054
30878
34710
30489
30146
30752
31069
30443
30917
34071
33327
32819
33877
32316
30040
33971
34745
33780
30568
31536
30987
33613
33456
34469
30521
31015
33450
34464
30853
31630
31065
30739
30129
34640
30601
32838
32423
32978
31687
31891
32464
34120
30164
33666
30179
34220
30070
33846
30792
31911
32647
34664
34501
33542
31802
31459
34970
34398
31396
32663
31448
30435
30504
30978
32615
32478
33094
31116
31312
34397
32716
30985
31752
30151
32588
34460
30431
30040
34352
31890
30711
33834
33196
31677
32401
33981
33164
31755
31732
31376
31950
32686
32543
32072
32928
32284
33521
31792
31485
32322
34543
30554
30716
31773
31974
30245
32857
32161
30874
31480
33737
32054
30838
33733
34552
31527
33165
33218
32029
30709
33480
30428
30720
34292
32512
30140
34034
31299
31743
31319
33918
30754
30810
30784
31943
30911
34746
32121
31003
34866
31484
31267
30462
32506
34861
30970
32362
34927
33473
33332
30349
32353
34702
32979
32163
30608
33469
33728
30909
32718
33529
30507
33546
31843
33083
34912
31814
30343
32964
33140
33137
30197
33740
33153
32001
32862
31587
31774
30586
30955
34279
30195
30308
33239
32774
30092
33510
32596
33492
33483
32570
31613
33014
30675
32369
31084
30296
33786
30440
32926
30716
33070
30379
34147
33396
34147
33913
31954
32714
32556
30960
32060
30269
32401
34947
30832
30191
30239
30841
30743
32702
33310
32728
32808
31687
32783
32393
31807
32889
34813
32094
31266
31673
33550
30465
30541
33866
32817
30295
32830
32288
33826
31301
30219
34869
32867
32001
34578
34571
31534
30244
32209
31650
30905
32023
30344
33388
32432
32244
32939
32272
30889
30742
34420
31861
31396
33372
31569
31143
33218
33865
30522
33942
34576
30504
30774
30773
32236
31670
30374
30880
33959
31656
30914
32930
32219
33023
34171
32613
33166
30017
31240
34123
33704
30050
32357
32958
30834
30691
31185
34419
33199
31505
33206
32500
34599
34705
31903
33877
33242
33315
31101
34207
30442
32252
31914
32868
34228
30225
34530
30674
32633
30961
33534
30092
33199
32306
30331
31229
32957
34022
32243
31622
31631
30327
34347
34601
34399
33889
32380
34351
33573
30455
33317
32528
30784
30825
33097
31529
34933
30052
32573
30075
30888
32562
30014
33865
30881
30028
34512
33057
34040
33814
32665
32183
30643
33834
33319
32007
34119
31351
30511
33330
32478
34074
30568
31170
32193
33942
34647
34945
31126
33624
33133
34599
30395
32854
30934
31795
30972
32130
33051
30484
31688
32754
30434
32040
31155
30226
33715
31596
30776
33163
31271
33453
32461
31549
30613
30047
31516
34251
32885
33420
30086
33454
34096
31455
33259
31485
34919
30041
31488
32755
32779
30132
34760
32914
34669
33095
30110
34631
31112
33137
31561
31477
31396
31633
34817
32719
34891
30261
33010
34408
31425
30993
33422
34517
30960
32971
31760
33110
30121
30733
34774
32440
30282
30978
32910
33606
31788
31525
32709
31338
32532
30982
33307
31222
31525
30214
34099
31584
31828
34733
30570
33686
32252
33210
32694
30949
34507
33291
32281
32929
30829
32501
30357
30880
30823
34886
34274
32991
31038
34473
30711
32098
34217
30139
30254
33406
34060
30812
31418
31841
31295
33735
32733
31364
32415
33813
33789
31583
31435
32750
31382
34990
34161
32178
34863
30235
31650
31608
33326
34236
30035
32821
30828
32823
31086
32431
33513
34579
30304
34314
32839
34112
30148
30963
30978
30034
31792
33587
30851
34946
30423
32966
32497
33886
34535
31404
30401
32362
33691
30480
34711
32126
33691
31719
34638
31353
32810
33108
31604
34607
31089
34810
31522
30416
31691
34160
30354
30601
33633
34284
34049
30422
34366
31745
34768
34216
32501
30019
30109
32739
32626
30957
30487
31452
33054
30057
33667
30225
32743
34232
33224
31129
31151
30122
31114
30230
30676
32264
34389
32280
33480
34159
34575
33164
34842
33712
30907
34964
33677
31599
33147
34313
30047
30384
34582
30318
31468
34921
31003
33367
33988
33524
33941
33401
34755
32883
34055
32732
33839
31025
30714
34831
33015
32438
34644
31947
33178
31915
31571
34586
31510
33991
32467
31953
32298
30689
33332
30140
30110
30440
30759
32169
30561
33287
33962
32920
31763
30620
33274
33489
31596
31316
31601
33559
30677
32615
32497
33011
32150
33450
32055
33155
34511
31012
32043
32461
34939
32224
33248
30647
33522
31709
32535
32721
31230
31483
33672
32261
32640
31207
33259
32765
31348
34128
30035
32614
31578
34155
34629
33988
30446
33836
30065
33519
30098
32982
33574
32332
31675
34389
32714
32110
34081
33098
32490
34734
33443
33422
30326
30081
32915
32411
31753
32753
32477
31111
34800
31159
32590
33026
31329
32207
34810
30946
30174
31836
32446
33957
30850
31686
34264
30008
34755
33113
31460
32173
32808
30385
33864
34001
31357
30042
34250
31807
32525
30340
30280
30727
33160
31663
34489
34468
31677
32459
32362
34469
34904
32580
31867
34497
33152
33644
32611
31488
34803
32785
33697
30775
31163
31544
31141
31540
31069
31890
30070
32940
30366
31575
34270
32098
34249
32680
32579
31384
30240
33161
32206
33050
33111
30766
33737
31129
30783
32717
30837
31358
30697
33565
34434
31712
31784
33709
30371
31175
31173
33681
34936
30858
33861
34432
31477
31158
31846
30537
32764
32023
30378
30191
33199
34388
31595
31955
34032
34654
32303
30345
32812
30034
34918
33437
32373
34832
32162
30376
30328
30930
33557
34013
31239
34344
34850
33817
34311
32267
34365
32643
32084
31762
31476
31360
30107
34066
34562
32785
33792
34608
30602
32665
31090
32516
32353
31466
31284
32646
33575
31432
32309
31716
31447
32032
31434
33152
33428
32097
32698
34371
33166
31948
32107
31318
33406
33633
31915
30019
32559
30443
34658
31495
33518
34972
31902
34459
34763
34491
33838
30243
32791
30925
33523
31263
31008
32961
34115
31304
31252
30265
30784
34301
30947
31950
32233
34614
33135
33676
34592
33608
34608
32654
33868
32323
30987
32258
31767
31104
31851
30432
34466
30912
33139
30367
33160
33489
30819
34801
34633
34329
33233
31776
33624
33472
31113
34457
32999
31537
32584
30080
30552
32473
33302
30460
30959
30604
